Server_04	Server_0	Server_06	Server_02	Server_03	
