0, 202.90570177739818, Server_00, 3.4704019320064656, 2160.729799257271, 0.0, 2
1, 207.32621746756584, Server_00, 4.082246213541479, 1752.058027353421, 0.0, 4
2, 212.05609049203534, Server_00, 4.082246213541479, 1637.4646760985045, 0.0, 4
3, 216.85047835603817, Server_00, 4.082246213541479, 1615.4304198354341, 0.0, 4
4, 221.60780050827591, Server_00, 4.082246213541479, 1628.0167186821495, 0.0, 4
5, 226.4208830073352, Server_00, 4.082246213541479, 1609.1558791094417, 0.0, 4
6, 231.20830249043777, Server_00, 4.082246213541479, 1617.781777288649, 0.0, 4
7, 236.0605098348489, Server_00, 4.082246213541479, 1596.1807586233663, 0.0, 4
8, 241.03261385982947, Server_00, 4.082246213541479, 1557.690659947576, 0.0, 4
9, 246.0118983134377, Server_00, 4.082246213541479, 1555.4443760262736, 0.0, 4
10, 250.99118276704596, Server_00, 4.082246213541479, 1555.4443760262736, 0.0, 4
11, 255.9704672206542, Server_00, 4.082246213541479, 1555.4443760262736, 0.0, 4
12, 261.07429716954914, Server_00, 4.082246213541479, 1517.487862556415, 0.0, 4
13, 264.1297556722522, Server_00, 3.7761233727051735, 1613.5057948385145, 0.0, 3
14, 267.4496180797824, Server_00, 4.082246213541479, 2332.928010038186, 0.0, 4
15, 270.37897315435566, Server_00, 4.082246213541479, 2643.926667417829, 0.0, 4
16, 277.6674892330009, Server_00, 4.3882382694953606, 1669.0640274009274, 0.0, 5
17, 282.7848757303403, Server_00, 4.082246213541479, 1513.467861774118, 0.0, 4
18, 285.67085539776883, Server_00, 3.7761233727051735, 1708.2587433447475, 0.0, 3
19, 288.5552373177949, Server_00, 4.082246213541479, 2685.150654366211, 0.0, 4
20, 293.0388285400544, Server_00, 4.3882382694953606, 2713.22683022593, 0.0, 5
21, 300.9811738657768, Server_00, 4.3882382694953606, 1531.6634446253504, 0.0, 5
22, 304.24117879838974, Server_00, 3.7761233727051735, 1512.2676504812857, 0.0, 3
23, 306.9711363533892, Server_00, 3.7761233727051735, 1805.8888831335425, 0.0, 3
24, 310.5080776277042, Server_00, 4.082246213541479, 2189.745149642048, 0.0, 4
25, 314.680798041018, Server_00, 4.082246213541479, 1856.1032690539703, 0.0, 4
26, 319.2590778766335, Server_00, 4.082246213541479, 1691.6834003351798, 0.0, 4
27, 324.033220787228, Server_00, 4.082246213541479, 1622.2807203388822, 0.0, 4
28, 329.00361775747, Server_00, 4.082246213541479, 1558.2256399981063, 0.0, 4
29, 334.1345851078241, Server_00, 4.082246213541479, 1509.4619534980175, 0.0, 4
30, 337.12884560710046, Server_00, 3.7761233727051735, 1646.4833307561014, 0.0, 3
31, 340.62265142587177, Server_00, 4.082246213541479, 2216.7803254514424, 0.0, 4
32, 343.74544055709515, Server_00, 4.082246213541479, 2480.1546548760452, 0.0, 4
33, 348.7733457516677, Server_00, 4.3882382694953606, 2419.496694792831, 0.0, 5
34, 353.86400897429314, Server_00, 4.082246213541479, 1521.41276318916, 0.0, 4
35, 357.142814747489, Server_00, 3.7761233727051735, 1503.5962301587329, 0.0, 3
36, 360.4126686789681, Server_00, 3.7761233727051735, 1507.7126083641228, 0.0, 3
37, 363.29155824423566, Server_00, 3.7761233727051735, 1712.4658269209415, 0.0, 3
38, 366.1807669100243, Server_00, 4.082246213541479, 2680.6648103022603, 0.0, 4
39, 379.2544377636408, Server_00, 4.3882382694953606, 1506.749559223222, 0.0, 5
40, 382.3763954668491, Server_00, 3.7761233727051735, 1579.1373454334955, 0.0, 3
41, 386.7850941729691, Server_00, 4.082246213541479, 1756.7542071425019, 0.0, 4
42, 391.23845089937566, Server_00, 4.082246213541479, 1739.1375710091493, 0.0, 4
43, 395.6059007007903, Server_00, 4.082246213541479, 1773.3460834492842, 0.0, 4
44, 400.12447396342225, Server_00, 4.082246213541479, 1714.0366106377453, 0.0, 4
45, 404.8135079606941, Server_00, 4.082246213541479, 1651.7261347446313, 0.0, 4
46, 409.3845720240956, Server_00, 4.082246213541479, 1694.3538512205166, 0.0, 4
47, 414.1385851961883, Server_00, 4.082246213541479, 1629.1498823489128, 0.0, 4
48, 419.1937458530248, Server_00, 4.082246213541479, 1532.0976969398203, 0.0, 4
49, 422.4931684539835, Server_00, 3.7761233727051735, 1494.200833372317, 0.0, 3
50, 428.96704477092584, Server_00, 3.7761233727051735, 3344.9211058819956, 0.0, 3
51, 430.53520790845505, Server_00, 4.3882382694953606, 7757.483713822723, 0.0, 5
52, 455.3097258492093, Server_00, 4.9999536060530145, 1517.1039865488474, 0.0, 7
53, 458.33445590505596, Server_00, 3.7761233727051735, 1629.8975144808594, 0.0, 3
54, 463.5792373798849, Server_00, 4.082246213541479, 1476.70594803049, 0.0, 4
55, 466.8873302069697, Server_00, 3.7761233727051735, 1490.2846617954397, 0.0, 3
56, 469.73374652958313, Server_00, 3.7761233727051735, 1732.002434371063, 0.0, 3
57, 472.4284868981572, Server_00, 4.082246213541479, 2874.1173325348295, 0.0, 4
58, 478.50519475290895, Server_00, 4.3882382694953606, 2001.9063431669538, 0.0, 5
59, 483.7420284023935, Server_00, 4.082246213541479, 1478.9471116315374, 0.0, 4
60, 487.0002129158137, Server_00, 3.7761233727051735, 1513.1125876063008, 0.0, 3
61, 490.04086955141435, Server_00, 3.7761233727051735, 1621.360314834134, 0.0, 3
62, 493.4138756594551, Server_00, 4.082246213541479, 2296.171353362543, 0.0, 4
63, 495.96082154238826, Server_00, 4.082246213541479, 3040.896962867731, 0.0, 4
64, 502.22496703732855, Server_00, 4.3882382694953606, 1942.004701172087, 0.0, 5
65, 507.4618006868131, Server_00, 4.082246213541479, 1478.9471116315374, 0.0, 4
66, 510.7829201480505, Server_00, 3.7761233727051735, 1484.4392252494142, 0.0, 3
67, 513.6915956433494, Server_00, 3.7761233727051735, 1694.9295333797268, 0.0, 3
68, 517.7444945016122, Server_00, 4.082246213541479, 1910.9778632175862, 0.0, 4
69, 527.6108960581504, Server_00, 4.082246213541479, 1591.5250539886617, 0.0, 4
70, 532.6269330826208, Server_00, 4.082246213541479, 1544.0476141257627, 0.0, 4
71, 535.9093192752265, Server_00, 3.7761233727051735, 1501.956110803139, 0.0, 3
72, 539.149615281426, Server_00, 3.7761233727051735, 1521.4659372377246, 0.0, 3
73, 541.1554703831714, Server_00, 3.7761233727051735, 2457.804651846565, 0.0, 3
74, 552.3423973072744, Server_00, 4.3882382694953606, 1966.242716171044, 0.0, 5
75, 557.6650806887177, Server_00, 4.082246213541479, 1455.093125960058, 0.0, 4
76, 561.0531799876868, Server_00, 3.7761233727051735, 1455.0931259600454, 0.0, 3
77, 564.3911894187601, Server_00, 3.7761233727051735, 1476.9281219241109, 0.0, 3
78, 567.7320452745615, Server_00, 3.7761233727051735, 1475.6697722947113, 0.0, 3
79, 575.170376885375, Server_00, 3.7761233727051735, 2021.8742922974138, 0.0, 3
80, 579.2952573788135, Server_00, 4.082246213541479, 1877.6301549390655, 0.0, 4
81, 584.2631491075564, Server_00, 4.082246213541479, 1559.0114323928472, 0.0, 4
82, 589.4935502720649, Server_00, 4.082246213541479, 1480.7659597039274, 0.0, 4
83, 592.6809691039188, Server_00, 3.7761233727051735, 1546.706052788376, 0.0, 3
84, 599.4993498306933, Server_00, 3.7761233727051735, 2711.203395091462, 0.0, 3
85, 605.5926912306657, Server_00, 4.3882382694953606, 1996.4415583304067, 0.0, 5
86, 610.8024620849291, Server_00, 4.082246213541479, 1486.629684233019, 0.0, 4
87, 614.1359146210116, Server_00, 3.7761233727051735, 1478.9471116315183, 0.0, 3
88, 617.1813762564951, Server_00, 3.7761233727051735, 1618.8022014656676, 0.0, 3
89, 626.2801319748997, Server_00, 4.082246213541479, 1889.597851665732, 0.0, 4
90, 631.491655030992, Server_00, 4.082246213541479, 1486.1298542939671, 0.0, 4
91, 634.8251075670745, Server_00, 3.7761233727051735, 1478.9471116315183, 0.0, 3
92, 638.1303968963431, Server_00, 3.7761233727051735, 1491.5486993360835, 0.0, 3
93, 640.8051431637655, Server_00, 3.7761233727051735, 1843.1654845343357, 0.0, 3
94, 650.0193342561687, Server_00, 4.082246213541479, 1837.8378745002012, 0.0, 4
95, 655.2214739369489, Server_00, 4.082246213541479, 1488.810465550291, 0.0, 4
96, 658.5549264730314, Server_00, 3.7761233727051735, 1478.9471116315183, 0.0, 3
97, 661.7437066348538, Server_00, 3.7761233727051735, 1546.0457447096449, 0.0, 3
98, 669.4772606185899, Server_00, 3.7761233727051735, 1803.5129466372905, 0.0, 3
99, 674.5282637279612, Server_00, 4.082246213541479, 1533.3587868180878, 0.0, 4
100, 677.8411306721271, Server_00, 3.7761233727051735, 1488.137037523338, 0.0, 3
101, 685.0853649957832, Server_00, 3.7761233727051735, 2196.74030827963, 0.0, 3
102, 689.0387693874096, Server_00, 4.082246213541479, 1959.0710265826467, 0.0, 4
103, 693.8950633154102, Server_00, 4.082246213541479, 1594.8375684889293, 0.0, 4
104, 698.9426051535321, Server_00, 4.082246213541479, 1534.4102631315234, 0.0, 4
105, 701.7825404035266, Server_00, 3.7761233727051735, 1735.955071514246, 0.0, 3
106, 710.3505837488016, Server_00, 4.082246213541479, 2170.657486618369, 0.0, 4
107, 713.9004209122835, Server_00, 4.082246213541479, 2181.790218344317, 0.0, 4
108, 718.2900112119873, Server_00, 4.082246213541479, 1764.401566251529, 0.0, 4
109, 723.1872004797483, Server_00, 4.082246213541479, 1581.5194342164154, 0.0, 4
110, 728.2504275818163, Server_00, 4.082246213541479, 1529.6568460926094, 0.0, 4
111, 731.3658777539825, Server_00, 3.7761233727051735, 1582.4358367356251, 0.0, 3
112, 737.9176233247811, Server_00, 4.082246213541479, 4991.153282953778, 0.0, 4
113, 748.6734440285483, Server_00, 4.694143310325732, 1776.247533887258, 0.0, 6
114, 753.8564895250372, Server_00, 4.082246213541479, 1494.2951986909152, 0.0, 4
115, 756.9713550095732, Server_00, 3.7761233727051735, 1582.7328738513165, 0.0, 3
116, 762.0530315714578, Server_00, 4.082246213541479, 1524.1032965560655, 0.0, 4
117, 765.3155290878107, Server_00, 3.7761233727051735, 1511.1122614773033, 0.0, 3
118, 768.4119809532609, Server_00, 3.7761233727051735, 1592.1448852501753, 0.0, 3
119, 772.4277298883125, Server_00, 4.082246213541479, 1928.6564287915598, 0.0, 4
120, 782.393551207965, Server_00, 4.082246213541479, 1559.6614339200582, 0.0, 4
121, 787.5389935347159, Server_00, 4.082246213541479, 1505.2155885090785, 0.0, 4
122, 790.5277056806045, Server_00, 3.7761233727051735, 1649.5399219968108, 0.0, 3
123, 794.7294781315104, Server_00, 4.082246213541479, 1843.2697368774034, 0.0, 4
124, 798.8835903846517, Server_00, 4.082246213541479, 1864.4176006903263, 0.0, 4
125, 802.9756691299717, Server_00, 4.082246213541479, 1892.6810753233256, 0.0, 4
126, 807.7747274058474, Server_00, 4.082246213541479, 1613.8582936017187, 0.0, 4
127, 817.9606500406046, Server_00, 4.082246213541479, 1493.4661670599085, 0.0, 4
128, 820.878641537864, Server_00, 3.7761233727051735, 1689.5182883946827, 0.0, 3
129, 824.2830912499351, Server_00, 4.082246213541479, 2274.9638429197084, 0.0, 4
130, 826.5439117058951, Server_00, 4.082246213541479, 3425.747488962466, 0.0, 4
131, 839.32354916618, Server_00, 4.3882382694953606, 1563.6975453036725, 0.0, 5
132, 844.5076100258048, Server_00, 4.082246213541479, 1494.0025222930353, 0.0, 4
133, 846.8124124229216, Server_00, 3.7761233727051735, 2139.012006481355, 0.0, 3
134, 849.5513557825574, Server_00, 4.082246213541479, 2827.732808987327, 0.0, 4
135, 855.9122042337676, Server_00, 4.3882382694953606, 1912.480715946853, 0.0, 5
136, 861.1490378832522, Server_00, 4.082246213541479, 1478.9471116315374, 0.0, 4
137, 864.4385531316489, Server_00, 3.7761233727051735, 1498.7010631438393, 0.0, 3
138, 867.2556203187185, Server_00, 3.7761233727051735, 1750.047007266569, 0.0, 3
139, 876.1340590166742, Server_00, 4.082246213541479, 1996.9375831780587, 0.0, 4
140, 881.321542687269, Server_00, 4.082246213541479, 1493.0167479663469, 0.0, 4
141, 884.6549952233515, Server_00, 3.7761233727051735, 1478.9471116315183, 0.0, 3
142, 887.8880864906735, Server_00, 3.7761233727051735, 1524.8564276020827, 0.0, 3
143, 895.5748879967741, Server_00, 3.7761233727051735, 1834.8955026286528, 0.0, 3
144, 900.2417781354197, Server_00, 4.082246213541479, 1659.5633858755655, 0.0, 4
145, 904.8611288199183, Server_00, 4.082246213541479, 1676.642569266344, 0.0, 4
146, 909.7404711242716, Server_00, 4.082246213541479, 1587.3040907767538, 0.0, 4
147, 914.8630967337922, Server_00, 4.082246213541479, 1511.9199782247683, 0.0, 4
148, 917.5972026511312, Server_00, 3.7761233727051735, 1803.1488717153343, 0.0, 3
149, 926.1518330650731, Server_00, 4.082246213541479, 2178.848177752218, 0.0, 4
150, 931.115266422532, Server_00, 4.082246213541479, 1560.4118041317072, 0.0, 4
151, 936.2630662366525, Server_00, 4.082246213541479, 1504.5262596955172, 0.0, 4
152, 939.132924617493, Server_00, 3.7761233727051735, 1717.8548017955493, 0.0, 3
153, 943.2431700362185, Server_00, 4.082246213541479, 1884.315706481953, 0.0, 4
154, 948.3423103694344, Server_00, 4.082246213541479, 1518.8834771910567, 0.0, 4
155, 951.6749383954223, Server_00, 3.7761233727051735, 1479.3130110998766, 0.0, 3
156, 958.0130851593105, Server_00, 3.7761233727051735, 3684.1997701916976, 0.0, 3
157, 960.5950097329335, Server_00, 4.3882382694953606, 4711.601618528386, 0.0, 5
158, 978.5130910331827, Server_00, 4.694143310325732, 1478.9348012255805, 0.0, 6
159, 981.6518278787644, Server_00, 3.7761233727051735, 1570.6955512819957, 0.0, 3
160, 985.750323727502, Server_00, 4.082246213541479, 1889.7176637096352, 0.0, 4
161, 989.914817212864, Server_00, 4.082246213541479, 1859.769988168592, 0.0, 4
162, 994.5333019106082, Server_00, 4.082246213541479, 1676.9569473258002, 0.0, 4
163, 999.4206415644223, Server_00, 4.082246213541479, 1584.7067215710515, 0.0, 4
164, 1004.5282559922701, Server_00, 4.082246213541479, 1516.3634822888357, 0.0, 4
165, 1007.8392229109359, Server_00, 3.7761233727051735, 1488.9910171578342, 0.0, 3
166, 1010.4080138352975, Server_00, 3.7761233727051735, 1919.1908353635515, 0.0, 3
167, 1013.6275489157968, Server_00, 4.082246213541479, 2405.626839387965, 0.0, 4
168, 1017.1787573467685, Server_00, 4.082246213541479, 2180.947739494024, 0.0, 4
169, 1025.589219039753, Server_00, 4.082246213541479, 2270.953523955945, 0.0, 4
170, 1029.3041654572548, Server_00, 4.082246213541479, 2084.821456242792, 0.0, 4
171, 1033.5384013435196, Server_00, 4.082246213541479, 1829.1375842152954, 0.0, 4
172, 1038.3463715902542, Server_00, 4.082246213541479, 1610.8668736584018, 0.0, 4
173, 1043.4002114693217, Server_00, 4.082246213541479, 1532.4980975513379, 0.0, 4
174, 1046.5952337620658, Server_00, 3.7761233727051735, 1543.0252274595794, 0.0, 3
175, 1053.2103803942891, Server_00, 3.7761233727051735, 3052.3544436419015, 0.0, 3
176, 1058.6208373277896, Server_00, 4.3882382694953606, 2248.4237744647485, 0.0, 5
177, 1063.6773336821022, Server_00, 4.082246213541479, 1531.692986072123, 0.0, 4
178, 1067.0107862181846, Server_00, 3.7761233727051735, 1478.9471116315688, 0.0, 3
179, 1074.196339100349, Server_00, 3.7761233727051735, 2255.7221288180117, 0.0, 3
180, 1077.4511333778892, Server_00, 4.082246213541479, 2379.566675978436, 0.0, 4
181, 1087.3949710512773, Server_00, 4.082246213541479, 1566.5967435966058, 0.0, 4
182, 1092.5405697064712, Server_00, 4.082246213541479, 1505.1698585513052, 0.0, 4
183, 1095.2664807230497, Server_00, 3.7761233727051735, 1808.5696745112514, 0.0, 3
184, 1097.7288583762863, Server_00, 4.082246213541479, 3145.3339376352715, 0.0, 4
185, 1110.7129408349388, Server_00, 4.3882382694953606, 1523.6566083829277, 0.0, 5
186, 1114.0463933710212, Server_00, 3.7761233727051735, 1478.9471116315688, 0.0, 3
187, 1117.3798459071036, Server_00, 3.7761233727051735, 1478.9471116315688, 0.0, 3
188, 1120.7046840406115, Server_00, 3.7761233727051735, 1482.7789510458197, 0.0, 3
189, 1123.6519920999665, Server_00, 3.7761233727051735, 1672.7128283559487, 0.0, 3
190, 1125.485556348489, Server_00, 4.082246213541479, 4224.013424258993, 0.0, 4
191, 1143.2934273882026, Server_00, 4.694143310325732, 1491.6608654756562, 0.0, 6
192, 1146.2745741572764, Server_00, 3.7761233727051735, 1653.7260262203315, 0.0, 3
193, 1149.4298061195577, Server_00, 4.082246213541479, 2454.653126168339, 0.0, 4
194, 1154.3790950889313, Server_00, 4.3882382694953606, 2457.9288207412324, 0.0, 5
195, 1162.4505458057345, Server_00, 4.3882382694953606, 1507.164006425126, 0.0, 5
196, 1165.7778825344963, Server_00, 3.7761233727051735, 1481.6654886127526, 0.0, 3
197, 1168.7599841861013, Server_00, 3.7761233727051735, 1653.1964956146153, 0.0, 3
198, 1171.2461065231867, Server_00, 4.082246213541479, 3115.293195539183, 0.0, 4
199, 1175.9068259130718, Server_00, 4.3882382694953606, 2610.112084070322, 0.0, 5
200, 1183.9416101696377, Server_00, 4.3882382694953606, 1514.0418972742116, 0.0, 5
201, 1187.037109061082, Server_00, 3.7761233727051735, 1592.6350397430517, 0.0, 3
202, 1191.2811604770109, Server_00, 4.082246213541479, 1824.9072032754534, 0.0, 4
203, 1196.0376984244942, Server_00, 4.082246213541479, 1628.2851278623348, 0.0, 4
204, 1201.1520835812705, Server_00, 4.082246213541479, 1514.3560296271978, 0.0, 4
205, 1204.4243988577698, Server_00, 3.7761233727051735, 1506.5785486519815, 0.0, 3
206, 1206.2674757234101, Server_00, 3.7761233727051735, 2674.8748746771157, 0.0, 3
207, 1218.7009803351434, Server_00, 4.3882382694953606, 1636.5093768554868, 0.0, 5
208, 1223.9378139846278, Server_00, 4.082246213541479, 1478.9471116315694, 0.0, 4
209, 1227.0102790338026, Server_00, 3.7761233727051735, 1604.5748026732383, 0.0, 3
210, 1231.6500575265216, Server_00, 4.082246213541479, 1669.260722716387, 0.0, 4
211, 1236.3585278561554, Server_00, 4.082246213541479, 1644.9078910522155, 0.0, 4
212, 1241.5953615056399, Server_00, 4.082246213541479, 1478.9471116315694, 0.0, 4
213, 1244.917670289901, Server_00, 3.7761233727051735, 1483.9078243885626, 0.0, 3
214, 1247.8860611226642, Server_00, 3.7761233727051735, 1660.8325108627616, 0.0, 3
215, 1257.1395127694557, Server_00, 4.082246213541479, 1820.874114283688, 0.0, 4
216, 1261.3823877516854, Server_00, 4.082246213541479, 1825.413200350717, 0.0, 4
217, 1266.1554350464885, Server_00, 4.082246213541479, 1622.6531022294341, 0.0, 4
218, 1271.3823312859097, Server_00, 4.082246213541479, 1481.75889576443, 0.0, 4
219, 1274.6858445511239, Server_00, 3.7761233727051735, 1492.350598955555, 0.0, 3
220, 1277.4887876640994, Server_00, 3.7761233727051735, 1758.865521450576, 0.0, 3
221, 1285.211177235042, Server_00, 4.082246213541479, 2844.927148805666, 0.0, 4
222, 1293.25943258791, Server_00, 4.3882382694953606, 1511.5077077748365, 0.0, 5
223, 1296.5928851239923, Server_00, 3.7761233727051735, 1478.9471116315688, 0.0, 3
224, 1299.7151547192525, Server_00, 3.7761233727051735, 1578.9796010838163, 0.0, 3
225, 1304.1565727806303, Server_00, 4.082246213541479, 1743.812424988731, 0.0, 4
226, 1309.1174551234878, Server_00, 4.082246213541479, 1561.2142084262339, 0.0, 4
227, 1314.3170204042426, Server_00, 4.082246213541479, 1489.5476028864737, 0.0, 4
228, 1317.5300761722299, Server_00, 3.7761233727051735, 1534.364902445581, 0.0, 3
229, 1323.2476057506046, Server_00, 3.7761233727051735, 6870.796896159671, 0.0, 3
230, 1339.263573679259, Server_00, 4.9999536060530145, 1873.130623989736, 0.0, 7
231, 1343.248073140247, Server_00, 4.082246213541479, 1943.78241880338, 0.0, 4
232, 1347.2360260811024, Server_00, 4.082246213541479, 1942.0991458185915, 0.0, 4
233, 1351.986098606936, Server_00, 4.082246213541479, 1630.5014203211504, 0.0, 4
234, 1357.192820237433, Server_00, 4.082246213541479, 1487.5003024236448, 0.0, 4
235, 1360.4766681425724, Server_00, 3.7761233727051735, 1501.2875572842815, 0.0, 3
236, 1363.04022805163, Server_00, 3.7761233727051735, 1923.1069976485462, 0.0, 3
237, 1365.6232080891207, Server_00, 4.082246213541479, 2998.4745865571012, 0.0, 4
238, 1371.7617043369949, Server_00, 4.3882382694953606, 1981.7557116228377, 0.0, 5
239, 1376.9896964692275, Server_00, 4.082246213541479, 1481.4482891527293, 0.0, 4
240, 1380.298240835749, Server_00, 3.7761233727051735, 1490.081272563722, 0.0, 3
241, 1383.3826496518045, Server_00, 3.7761233727051735, 1598.3614021389194, 0.0, 3
242, 1386.8099284873424, Server_00, 4.082246213541479, 2259.8102960550245, 0.0, 4
243, 1396.8747295208602, Server_00, 4.082246213541479, 1529.181491779275, 0.0, 4
244, 1400.2081820569426, Server_00, 3.7761233727051735, 1478.9471116315688, 0.0, 3
245, 1403.5124974870891, Server_00, 3.7761233727051735, 1491.9883117155673, 0.0, 3
246, 1406.4921449484104, Server_00, 3.7761233727051735, 1654.558152934591, 0.0, 3
247, 1412.6704910531014, Server_00, 4.082246213541479, 6572.7717596447155, 0.0, 4
248, 1436.9630369081676, Server_00, 4.9999536060530145, 1555.0047269744846, 0.0, 7
249, 1441.3078472691996, Server_00, 4.082246213541479, 1782.5864321867646, 0.0, 4
250, 1446.2871568664004, Server_00, 4.082246213541479, 1555.436521632206, 0.0, 4
251, 1451.5239905158849, Server_00, 4.082246213541479, 1478.9471116315694, 0.0, 4
252, 1454.6821155095563, Server_00, 3.7761233727051735, 1561.0528430252834, 0.0, 3
253, 1459.1334889763116, Server_00, 4.082246213541479, 1739.9124242984535, 0.0, 4
254, 1464.0541379315305, Server_00, 4.082246213541479, 1573.9793816800461, 0.0, 4
255, 1469.0943823973896, Server_00, 4.082246213541479, 1536.6318146792173, 0.0, 4
256, 1472.3933476185812, Server_00, 3.7761233727051735, 1494.407994461765, 0.0, 3
257, 1475.3012661968144, Server_00, 3.7761233727051735, 1695.370715295403, 0.0, 3
258, 1478.483421769143, Server_00, 4.082246213541479, 2433.8847752601955, 0.0, 4
259, 1484.2490099632187, Server_00, 4.3882382694953606, 2109.9321683258427, 0.0, 5
260, 1489.4067958188175, Server_00, 4.082246213541479, 1501.61333115308, 0.0, 4
261, 1492.7402483549, Server_00, 3.7761233727051735, 1478.9471116315688, 0.0, 3
262, 1495.8313991564144, Server_00, 3.7761233727051735, 1594.875279971662, 0.0, 3
263, 1498.9668029244694, Server_00, 4.082246213541479, 2470.1762748739325, 0.0, 4
264, 1503.139535659567, Server_00, 4.3882382694953606, 2915.3556607348255, 0.0, 5
265, 1510.8521507682585, Server_00, 4.3882382694953606, 1577.28602148069, 0.0, 5
266, 1515.9316431941122, Server_00, 4.082246213541479, 1524.7586472576213, 0.0, 4
267, 1518.3911142284737, Server_00, 3.7761233727051735, 2004.4960607880646, 0.0, 3
268, 1521.051971962437, Server_00, 4.082246213541479, 2910.7155565450757, 0.0, 4
269, 1526.1609466321086, Server_00, 4.3882382694953606, 2381.1039957224716, 0.0, 5
270, 1531.3661597440089, Server_00, 4.082246213541479, 1487.9313936816802, 0.0, 4
271, 1534.6996122800913, Server_00, 3.7761233727051735, 1478.9471116315688, 0.0, 3
272, 1537.8358805136568, Server_00, 3.7761233727051735, 1571.9318734403325, 0.0, 3
273, 1544.9012942406707, Server_00, 4.082246213541479, 3749.8540358774812, 0.0, 4
274, 1551.085500935102, Server_00, 4.3882382694953606, 1967.1076018456, 0.0, 5
275, 1556.3223345845863, Server_00, 4.082246213541479, 1478.9471116315694, 0.0, 4
276, 1559.6557871206687, Server_00, 3.7761233727051735, 1478.9471116315688, 0.0, 3
277, 1562.888328842646, Server_00, 3.7761233727051735, 1525.1156594460042, 0.0, 3
278, 1570.488908458981, Server_00, 3.7761233727051735, 1895.7312320041808, 0.0, 3
279, 1575.1812566780077, Server_00, 4.082246213541479, 1650.5595148705006, 0.0, 4
280, 1580.0346954893218, Server_00, 4.082246213541479, 1595.7757584055933, 0.0, 4
281, 1585.0933431988578, Server_00, 4.082246213541479, 1531.0415835836925, 0.0, 4
282, 1588.4267957349402, Server_00, 3.7761233727051735, 1478.9471116315688, 0.0, 3
283, 1591.6573062903892, Server_00, 3.7761233727051735, 1526.0745678990156, 0.0, 3
284, 1597.9111104622225, Server_00, 3.7761233727051735, 3932.033495144205, 0.0, 3
285, 1609.009214282577, Server_00, 4.694143310325732, 1721.4652439059425, 0.0, 6
286, 1614.2377805384288, Server_00, 4.082246213541479, 1481.2856184679406, 0.0, 4
287, 1616.6237850542539, Server_00, 3.7761233727051735, 2066.215703827011, 0.0, 3
288, 1619.9830979492795, Server_00, 4.082246213541479, 2305.530994587805, 0.0, 4
289, 1624.394923415745, Server_00, 4.082246213541479, 1755.5091557610042, 0.0, 4
290, 1629.2206942259456, Server_00, 4.082246213541479, 1604.9249549168192, 0.0, 4
291, 1634.4280438882574, Server_00, 4.082246213541479, 1487.3209026185525, 0.0, 4
292, 1637.2743697944027, Server_00, 3.7761233727051735, 1732.0574532087464, 0.0, 3
293, 1646.3087689656666, Server_00, 4.082246213541479, 1919.7406283359085, 0.0, 4
294, 1650.117047141652, Server_00, 4.082246213541479, 2033.727485780633, 0.0, 4
295, 1653.5610780031418, Server_00, 4.082246213541479, 2248.818408279177, 0.0, 4
296, 1657.0777811979442, Server_00, 4.082246213541479, 2202.346792145243, 0.0, 4
297, 1666.7079589234067, Server_00, 4.082246213541479, 1672.7219686208246, 0.0, 4
298, 1671.471599686633, Server_00, 4.082246213541479, 1625.8572770198944, 0.0, 4
299, 1676.6460887586568, Server_00, 4.082246213541479, 1496.766133273688, 0.0, 4
300, 1679.7727395556508, Server_00, 3.7761233727051735, 1576.7670648541125, 0.0, 3
301, 1683.245423548605, Server_00, 4.082246213541479, 2230.2633973358797, 0.0, 4
302, 1685.0371634716103, Server_00, 4.082246213541479, 4322.613957839068, 0.0, 4
303, 1702.6902611697312, Server_00, 4.694143310325732, 1509.906937874759, 0.0, 6
304, 1705.931018524288, Server_00, 3.7761233727051735, 1521.2493440979242, 0.0, 3
305, 1709.0187702554708, Server_00, 3.7761233727051735, 1596.6309565022736, 0.0, 3
306, 1714.1553719736057, Server_00, 4.082246213541479, 1507.8062160544953, 0.0, 4
307, 1717.487789728024, Server_00, 3.7761233727051735, 1479.4063539793844, 0.0, 3
308, 1720.541305775986, Server_00, 3.7761233727051735, 1614.5322056814398, 0.0, 3
309, 1723.5308819896115, Server_00, 4.082246213541479, 2590.668190595353, 0.0, 4
310, 1729.0106372144855, Server_00, 4.3882382694953606, 2219.9896712137765, 0.0, 5
311, 1734.2036728452408, Server_00, 4.082246213541479, 1491.4205391025916, 0.0, 4
312, 1737.5085340303601, Server_00, 3.7761233727051735, 1491.7419291915053, 0.0, 3
313, 1744.2445775072392, Server_00, 3.7761233727051735, 2839.7906306256177, 0.0, 3
314, 1748.7037205409201, Server_00, 4.3882382694953606, 2728.1026663901653, 0.0, 5
315, 1756.5375911346346, Server_00, 4.3882382694953606, 1552.8722174400834, 0.0, 5
316, 1761.7602171787003, Server_00, 4.082246213541479, 1482.9704318578206, 0.0, 4
317, 1764.741654534919, Server_00, 3.7761233727051735, 1653.5648450626998, 0.0, 3
318, 1768.0619954903425, Server_00, 4.082246213541479, 2332.591774151752, 0.0, 4
319, 1771.2503957435272, Server_00, 4.082246213541479, 2429.11786005036, 0.0, 4
320, 1781.1901548311791, Server_00, 4.082246213541479, 1567.890227553883, 0.0, 4
321, 1786.3430150930715, Server_00, 4.082246213541479, 1503.048715929226, 0.0, 4
322, 1789.0008276089536, Server_00, 3.7761233727051735, 1854.9088660468237, 0.0, 3
323, 1791.3182893636122, Server_00, 4.082246213541479, 3342.0184753560798, 0.0, 4
324, 1804.1291926374433, Server_00, 4.3882382694953606, 1557.438310720904, 0.0, 5
325, 1809.3639212194444, Server_00, 4.082246213541479, 1479.5418480014869, 0.0, 4
326, 1812.2577009075399, Server_00, 3.7761233727051735, 1703.6542278187815, 0.0, 3
327, 1815.9393487628972, Server_00, 4.082246213541479, 2103.677566209876, 0.0, 4
328, 1820.1431867299343, Server_00, 4.082246213541479, 1842.3640636793527, 0.0, 4
329, 1825.3084549435691, Server_00, 4.082246213541479, 1499.4381084713925, 0.0, 4
330, 1828.6163972997906, Server_00, 3.7761233727051735, 1490.3524514953565, 0.0, 3
331, 1831.3956841916831, Server_00, 3.7761233727051735, 1773.8363082923656, 0.0, 3
332, 1839.2516675045274, Server_00, 4.082246213541479, 2711.8505788070433, 0.0, 4
333, 1847.3619321533797, Server_00, 4.3882382694953606, 1499.951052980926, 0.0, 5
334, 1850.635014002311, Server_00, 3.7761233727051735, 1506.2257002860315, 0.0, 3
335, 1853.6795595162764, Server_00, 3.7761233727051735, 1619.2893084980751, 0.0, 3
336, 1858.5381879016377, Server_00, 4.082246213541479, 1594.071286319237, 0.0, 4
337, 1863.698187781095, Server_00, 4.082246213541479, 1500.9690273121978, 0.0, 4
338, 1866.9830247663574, Server_00, 3.7761233727051735, 1500.8355124222614, 0.0, 3
339, 1873.990987493497, Server_00, 3.7761233727051735, 2455.224857197938, 0.0, 3
340, 1881.5944696309255, Server_00, 4.3882382694953606, 1599.9248476059688, 0.0, 5
341, 1886.8313032804099, Server_00, 4.082246213541479, 1478.9471116315694, 0.0, 4
342, 1889.9748589833941, Server_00, 3.7761233727051735, 1568.2877816734165, 0.0, 3
343, 1893.1637306128189, Server_00, 4.082246213541479, 2428.7587899539158, 0.0, 4
344, 1895.0896561670695, Server_00, 4.082246213541479, 4021.443083771516, 0.0, 4
345, 1912.7110860967034, Server_00, 4.694143310325732, 1513.6953662550782, 0.0, 6
346, 1915.8864639448307, Server_00, 3.7761233727051735, 1552.5711382371614, 0.0, 3
347, 1919.2927826527712, Server_00, 4.082246213541479, 2273.7156044575518, 0.0, 4
348, 1922.8985399639673, Server_00, 4.082246213541479, 2147.9537671465496, 0.0, 4
349, 1926.8423333080182, Server_00, 4.082246213541479, 1963.845294197075, 0.0, 4
350, 1930.17009453916, Server_00, 4.082246213541479, 2327.390537374212, 0.0, 4
351, 1933.3314938521467, Server_00, 4.082246213541479, 2449.864516698096, 0.0, 4
352, 1940.205031368017, Server_00, 4.3882382694953606, 1769.8310326978185, 0.0, 5
353, 1945.2558046128518, Server_00, 4.082246213541479, 1533.4285711441328, 0.0, 4
354, 1948.5647887128828, Server_00, 3.7761233727051735, 1489.8832544870181, 0.0, 3
355, 1951.268103506444, Server_00, 3.7761233727051735, 1823.6869830114558, 0.0, 3
356, 1959.6331111933207, Server_00, 4.082246213541479, 2301.629214757839, 0.0, 4
357, 1964.8272512341653, Server_00, 4.082246213541479, 1491.1034240695358, 0.0, 4
358, 1968.1607037702477, Server_00, 3.7761233727051735, 1478.9471116315688, 0.0, 3
359, 1971.4770164247393, Server_00, 3.7761233727051735, 1486.5908355542924, 0.0, 3
360, 1979.359402912416, Server_00, 3.7761233727051735, 1710.3882567717963, 0.0, 3
361, 1984.4479618350604, Server_00, 4.082246213541479, 1522.0419214434933, 0.0, 4
362, 1987.7814143711428, Server_00, 3.7761233727051735, 1478.9471116315688, 0.0, 3
363, 1994.9680999029367, Server_00, 3.7761233727051735, 2254.553719919403, 0.0, 3
364, 1999.1415377884293, Server_00, 4.082246213541479, 1855.7841790152422, 0.0, 4
365, 2004.0894129691446, Server_00, 4.082246213541479, 1565.318387615495, 0.0, 4
366, 2009.1314969484954, Server_00, 4.082246213541479, 1536.071202248653, 0.0, 4
367, 2011.9080497177013, Server_00, 3.7761233727051735, 1775.5830375988332, 0.0, 3
368, 2019.5718433283332, Server_00, 4.082246213541479, 2907.5075370282098, 0.0, 4
369, 2026.2380053194274, Server_00, 4.3882382694953606, 1824.8881464704975, 0.0, 5
370, 2031.4748389689119, Server_00, 4.082246213541479, 1478.9471116315694, 0.0, 4
371, 2034.7592843668804, Server_00, 3.7761233727051735, 1501.0144492124284, 0.0, 3
372, 2037.4419676827656, Server_00, 3.7761233727051735, 1837.7122528057992, 0.0, 3
373, 2047.1393006405535, Server_00, 4.082246213541479, 1648.8079660521432, 0.0, 4
374, 2052.3632205480494, Server_00, 4.082246213541479, 1482.6031289045186, 0.0, 4
375, 2055.696673084132, Server_00, 3.7761233727051735, 1478.9471116315688, 0.0, 3
376, 2058.9131855951287, Server_00, 3.7761233727051735, 1532.7159409904282, 0.0, 3
377, 2060.2722871636915, Server_00, 3.7761233727051735, 3627.396299169135, 0.0, 3
378, 2072.7769418286575, Server_00, 4.3882382694953606, 1620.9939754842992, 0.0, 5
379, 2078.013775478142, Server_00, 4.082246213541479, 1478.9471116315053, 0.0, 4
380, 2081.00962946935, Server_00, 3.7761233727051735, 1645.6075678149477, 0.0, 3
381, 2084.0664078464924, Server_00, 4.082246213541479, 2533.713290408683, 0.0, 4
382, 2091.1466215816404, Server_00, 4.3882382694953606, 1718.1684699163707, 0.0, 5
383, 2096.383455231125, Server_00, 4.082246213541479, 1478.9471116315053, 0.0, 4
384, 2099.65229518164, Server_00, 3.7761233727051735, 1508.1802947321546, 0.0, 3
385, 2101.794384366182, Server_00, 3.7761233727051735, 2301.4914764411988, 0.0, 3
386, 2111.843889691572, Server_00, 4.082246213541479, 1533.8136116139272, 0.0, 4
387, 2115.1735617126146, Server_00, 3.7761233727051735, 1480.6263105925868, 0.0, 3
388, 2118.15572336698, Server_00, 3.7761233727051735, 1653.1632323764998, 0.0, 3
389, 2122.6152482470034, Server_00, 4.082246213541479, 1736.732097783367, 0.0, 4
390, 2132.773629826793, Server_00, 4.082246213541479, 1501.439914864959, 0.0, 4
391, 2136.0727609011487, Server_00, 3.7761233727051735, 1494.332867924145, 0.0, 3
392, 2138.6410248033912, Server_00, 3.7761233727051735, 1919.5846640585958, 0.0, 3
393, 2140.8721902437164, Server_00, 4.082246213541479, 3471.2800135839284, 0.0, 4
394, 2153.5471274427196, Server_00, 4.3882382694953606, 1585.0292562107318, 0.0, 5
395, 2158.3919340326984, Server_00, 4.082246213541479, 1598.6190276449952, 0.0, 4
396, 2162.015210788715, Server_00, 4.082246213541479, 2137.56787613274, 0.0, 4
397, 2165.704428038662, Server_00, 4.082246213541479, 2099.361321188475, 0.0, 4
398, 2170.2094089302973, Server_00, 4.082246213541479, 1719.2081800792942, 0.0, 4
399, 2175.4312775707817, Server_00, 4.082246213541479, 1483.1855286351054, 0.0, 4
400, 2178.606833928837, Server_00, 3.7761233727051735, 1552.4838623928079, 0.0, 3
401, 2182.62977129011, Server_00, 4.082246213541479, 1925.2101895888063, 0.0, 4
402, 2191.1244346983135, Server_00, 4.082246213541479, 2216.236328173756, 0.0, 4
403, 2196.360038265196, Server_00, 4.082246213541479, 1479.2945839120214, 0.0, 4
404, 2199.6934908012786, Server_00, 3.7761233727051735, 1478.9471116315688, 0.0, 3
405, 2203.026725659226, Server_00, 3.7761233727051735, 1479.0436948195777, 0.0, 3
406, 2206.254039393157, Server_00, 3.7761233727051735, 1527.5862238515003, 0.0, 3
407, 2212.959719355139, Server_00, 3.7761233727051735, 2890.3429188861182, 0.0, 3
408, 2220.4316687121477, Server_00, 4.3882382694953606, 1628.0891931620456, 0.0, 5
409, 2225.6685023616324, Server_00, 4.082246213541479, 1478.9471116315053, 0.0, 4
410, 2228.9687091349347, Server_00, 3.7761233727051735, 1493.845791688641, 0.0, 3
411, 2231.8198259000146, Server_00, 3.7761233727051735, 1729.1469996535739, 0.0, 3
412, 2240.9046352532578, Server_00, 4.082246213541479, 1896.0493208454973, 0.0, 4
413, 2246.027520983052, Server_00, 4.082246213541479, 1511.8432087906606, 0.0, 4
414, 2249.3609735191344, Server_00, 3.7761233727051735, 1478.9471116315688, 0.0, 3
415, 2252.512339876761, Server_00, 3.7761233727051735, 1564.4007838279445, 0.0, 3
416, 2260.043453412989, Server_00, 4.082246213541479, 3059.9180515393937, 0.0, 4
417, 2266.7966270614584, Server_00, 4.3882382694953606, 1801.3752693531453, 0.0, 5
418, 2272.0335373820208, Server_00, 4.082246213541479, 1478.9254590802789, 0.0, 4
419, 2275.36654787239, Server_00, 3.7761233727051735, 1479.1432592981914, 0.0, 3
420, 2278.454841024384, Server_00, 3.7761233727051735, 1596.3510448536033, 0.0, 3
421, 2282.6188674588407, Server_00, 4.082246213541479, 1859.9785860895956, 0.0, 4
422, 2292.2717438133814, Server_00, 4.082246213541479, 1664.5617484422798, 0.0, 4
423, 2297.2599719956415, Server_00, 4.082246213541479, 1552.6555155483545, 0.0, 4
424, 2302.3681687554845, Server_00, 4.082246213541479, 1516.1906175748275, 0.0, 4
425, 2304.8643595718995, Server_00, 3.7761233727051735, 1975.0092691552861, 0.0, 3
426, 2306.3599968418234, Server_00, 4.082246213541479, 5178.394625318465, 0.0, 4
427, 2324.0382625605193, Server_00, 4.694143310325732, 1506.9095745348634, 0.0, 6
428, 2326.476381146483, Server_00, 3.7761233727051735, 2022.0509487856207, 0.0, 3
429, 2329.511821243226, Server_00, 4.082246213541479, 2551.524574084056, 0.0, 4
430, 2336.9055387514213, Server_00, 4.3882382694953606, 1645.3157679498142, 0.0, 5
431, 2342.06393676462, Server_00, 4.082246213541479, 1501.4351316403129, 0.0, 4
432, 2345.135775267197, Server_00, 3.7761233727051735, 1604.9020792805552, 0.0, 3
433, 2350.0419250649957, Server_00, 4.082246213541479, 1578.6309670925866, 0.0, 4
434, 2355.2449896589887, Server_00, 4.082246213541479, 1488.5458098947265, 0.0, 4
435, 2358.5720412079504, Server_00, 3.7761233727051735, 1481.7924902722352, 0.0, 3
436, 2361.1941454952266, Server_00, 3.7761233727051735, 1880.1693067369094, 0.0, 3
437, 2363.8741170593985, Server_00, 4.082246213541479, 2889.9560366765586, 0.0, 4
438, 2367.938188783015, Server_00, 4.3882382694953606, 2993.30347181341, 0.0, 5
439, 2375.255451194735, Server_00, 4.3882382694953606, 1662.5070026893202, 0.0, 5
440, 2380.4407348415502, Server_00, 4.082246213541479, 1493.6502084619904, 0.0, 4
441, 2383.5009535632, Server_00, 3.7761233727051735, 1610.9959608843128, 0.0, 3
442, 2388.6013273587164, Server_00, 4.082246213541479, 1518.5161540136787, 0.0, 4
443, 2391.8333081649043, Server_00, 3.7761233727051735, 1525.380345873659, 0.0, 3
444, 2398.8677058449175, Server_00, 3.7761233727051735, 2423.3216781726182, 0.0, 3
445, 2402.476153952978, Server_00, 4.082246213541479, 2146.35205164763, 0.0, 4
446, 2412.5274550354366, Server_00, 4.082246213541479, 1533.2683349436422, 0.0, 4
447, 2415.85454339919, Server_00, 3.7761233727051735, 1481.776093989407, 0.0, 3
448, 2418.9146889112794, Server_00, 3.7761233727051735, 1611.0345016350761, 0.0, 3
449, 2421.403418946778, Server_00, 4.082246213541479, 3112.0289824639785, 0.0, 4
450, 2433.6904430660566, Server_00, 4.3882382694953606, 1669.4057547876332, 0.0, 5
451, 2438.927276715541, Server_00, 4.082246213541479, 1478.9471116315053, 0.0, 4
452, 2442.126946283868, Server_00, 3.7761233727051735, 1540.7841012088643, 0.0, 3
453, 2444.878194841408, Server_00, 3.7761233727051735, 1791.9137064113163, 0.0, 3
454, 2448.894609503498, Server_00, 4.082246213541479, 1928.336750959305, 0.0, 4
455, 2453.938191451331, Server_00, 4.082246213541479, 1535.614981596104, 0.0, 4
456, 2457.2325485765014, Server_00, 3.7761233727051735, 1496.498349354001, 0.0, 3
457, 2464.161164803392, Server_00, 3.7761233727051735, 2556.2369180875385, 0.0, 3
458, 2467.566927031535, Server_00, 4.3882382694953606, 3571.887637802436, 0.0, 5
459, 2480.702751418035, Server_00, 4.3882382694953606, 1495.2387640256984, 0.0, 5
460, 2483.3430398779583, Server_00, 3.7761233727051735, 1867.2202203781706, 0.0, 3
461, 2486.8638767406756, Server_00, 4.082246213541479, 2199.761108506083, 0.0, 4
462, 2491.2940106107912, Server_00, 4.082246213541479, 1748.2541672714133, 0.0, 4
463, 2495.851665163499, Server_00, 4.082246213541479, 1699.3389714888447, 0.0, 4
464, 2500.6034634215625, Server_00, 4.082246213541479, 1629.9092636892392, 0.0, 4
465, 2505.6629984066208, Server_00, 4.082246213541479, 1530.7730893990163, 0.0, 4
466, 2508.9617348134598, Server_00, 3.7761233727051735, 1494.5116529405132, 0.0, 3
467, 2511.564767602838, Server_00, 3.7761233727051735, 1893.9446403123106, 0.0, 3
468, 2518.368591345648, Server_00, 4.082246213541479, 4293.6567560281155, 0.0, 4
469, 2530.730730663543, Server_00, 4.694143310325732, 1545.4444824403622, 0.0, 6
470, 2534.0643407441285, Server_00, 3.7761233727051735, 1478.8772174381531, 0.0, 3
471, 2537.386918625521, Server_00, 3.7761233727051735, 1483.7876420021469, 0.0, 3
472, 2540.2944080491266, Server_00, 3.7761233727051735, 1695.6209573709882, 0.0, 3
473, 2545.018393435251, Server_00, 4.082246213541479, 1639.505495243356, 0.0, 4
474, 2550.2365926135312, Server_00, 4.082246213541479, 1484.2285116744501, 0.0, 4
475, 2553.443026532771, Server_00, 3.7761233727051735, 1537.5336352382642, 0.0, 3
476, 2555.8342887861495, Server_00, 3.7761233727051735, 2061.672655533553, 0.0, 3
477, 2565.2714192808553, Server_00, 4.082246213541479, 1745.4974581525191, 0.0, 4
478, 2570.2942750443344, Server_00, 4.082246213541479, 1541.951504224631, 0.0, 4
479, 2573.627727580417, Server_00, 3.7761233727051735, 1478.9471116315688, 0.0, 3
480, 2576.8566951535554, Server_00, 3.7761233727051735, 1526.8038121572192, 0.0, 3
481, 2583.674398897559, Server_00, 3.7761233727051735, 2712.2131514903554, 0.0, 3
482, 2590.6992124829994, Server_00, 4.3882382694953606, 1731.718550541068, 0.0, 5
483, 2595.936046132484, Server_00, 4.082246213541479, 1478.9471116315053, 0.0, 4
484, 2599.081865159348, Server_00, 3.7761233727051735, 1567.1594449330225, 0.0, 3
485, 2601.969558022726, Server_00, 4.082246213541479, 2682.071939929545, 0.0, 4
486, 2614.1825688139998, Server_00, 4.3882382694953606, 1686.535671722099, 0.0, 5
487, 2619.3374894537224, Server_00, 4.082246213541479, 1502.447960172045, 0.0, 4
488, 2622.5071013733314, Server_00, 3.7761233727051735, 1555.3954632427572, 0.0, 3
489, 2627.7312428911105, Server_00, 4.082246213541479, 1482.54023625542, 0.0, 4
490, 2630.937081718941, Server_00, 3.7761233727051735, 1537.81904355316, 0.0, 3
491, 2633.2425367519454, Server_00, 3.7761233727051735, 2138.4064878400377, 0.0, 3
492, 2635.9433997140554, Server_00, 4.082246213541479, 2867.6019881990956, 0.0, 4
493, 2649.123512709325, Server_00, 4.3882382694953606, 1487.143271374707, 0.0, 5
494, 2652.3881722276724, Server_00, 3.7761233727051735, 1510.1115360709025, 0.0, 3
495, 2655.003388523989, Server_00, 3.7761233727051735, 1885.1213213008277, 0.0, 3
496, 2657.556539103928, Server_00, 4.082246213541479, 3033.5069387818703, 0.0, 4
497, 2670.7825363380457, Server_00, 4.3882382694953606, 1478.848053770949, 0.0, 5
498, 2674.110796572774, Server_00, 3.7761233727051735, 1481.2543648356832, 0.0, 3
499, 2676.7325476543697, Server_00, 3.7761233727051735, 1880.4226055659822, 0.0, 3
500, 2679.556552685618, Server_00, 4.082246213541479, 2742.558853224243, 0.0, 4
501, 2684.728963187746, Server_00, 4.3882382694953606, 2351.9014964096555, 0.0, 5
502, 2689.885382195017, Server_00, 4.082246213541479, 1502.011374381925, 0.0, 4
503, 2693.2188347310994, Server_00, 3.7761233727051735, 1478.9471116315688, 0.0, 3
504, 2696.312584625517, Server_00, 3.7761233727051735, 1593.5354079189276, 0.0, 3
505, 2704.2608330043586, Server_00, 4.082246213541479, 2626.9835525334165, 0.0, 4
506, 2711.3139318480244, Server_00, 4.3882382694953606, 1724.7737866207665, 0.0, 5
507, 2716.550765497509, Server_00, 4.082246213541479, 1478.9471116315053, 0.0, 4
508, 2719.881187553746, Server_00, 3.7761233727051735, 1480.292862812307, 0.0, 3
509, 2722.8832157658617, Server_00, 3.7761233727051735, 1642.2230744211636, 0.0, 3
510, 2732.1318456975014, Server_00, 4.082246213541479, 1822.9406007623093, 0.0, 4
511, 2736.6481960327, Server_00, 4.082246213541479, 1714.8802517905783, 0.0, 4
512, 2741.821430962743, Server_00, 4.082246213541479, 1497.128992735683, 0.0, 4
513, 2744.8909550169033, Server_00, 3.7761233727051735, 1606.1121897115984, 0.0, 3
514, 2747.5882248334005, Server_00, 4.082246213541479, 2871.4220404014977, 0.0, 4
515, 2759.298712261313, Server_00, 4.3882382694953606, 1812.8340348868248, 0.0, 5
516, 2764.5355459107977, Server_00, 4.082246213541479, 1478.9471116315053, 0.0, 4
517, 2767.86899844688, Server_00, 3.7761233727051735, 1478.9471116315688, 0.0, 3
518, 2771.2024509829625, Server_00, 3.7761233727051735, 1478.9471116315688, 0.0, 3
519, 2774.5156487873687, Server_00, 3.7761233727051735, 1487.9884302240168, 0.0, 3
520, 2777.5446466381363, Server_00, 3.7761233727051735, 1627.6010228104446, 0.0, 3
521, 2787.7618322712897, Server_00, 4.082246213541479, 1484.5168534512736, 0.0, 4
522, 2791.0816810779997, Server_00, 3.7761233727051735, 1485.007386491667, 0.0, 3
523, 2794.183441611055, Server_00, 3.7761233727051735, 1589.4199269934695, 0.0, 3
524, 2798.351117793798, Server_00, 4.082246213541479, 1858.349751852022, 0.0, 4
525, 2802.775942521636, Server_00, 4.082246213541479, 1750.3518164852844, 0.0, 4
526, 2813.0096497078866, Server_00, 4.082246213541479, 1479.8305912769777, 0.0, 4
527, 2816.258515670678, Server_00, 3.7761233727051735, 1517.4525685152998, 0.0, 3
528, 2818.631341645029, Server_00, 3.7761233727051735, 2077.6913491724004, 0.0, 3
529, 2821.8560325405306, Server_00, 4.082246213541479, 2401.7805895144793, 0.0, 4
530, 2831.7243799143307, Server_00, 4.082246213541479, 1590.8889414262173, 0.0, 4
531, 2836.9293650933355, Server_00, 4.082246213541479, 1487.9965520825717, 0.0, 4
532, 2840.177732334122, Server_00, 3.7761233727051735, 1517.6855430933972, 0.0, 3
533, 2842.6800371057943, Server_00, 3.7761233727051735, 1970.183670594759, 0.0, 3
534, 2851.8586899924803, Server_00, 4.082246213541479, 1853.4681415336229, 0.0, 4
535, 2857.095523641965, Server_00, 4.082246213541479, 1478.9471116315053, 0.0, 4
536, 2860.4289761780474, Server_00, 3.7761233727051735, 1478.9471116315688, 0.0, 3
537, 2863.6731061094424, Server_00, 3.7761233727051735, 1519.6678629576368, 0.0, 3
538, 2866.2495211698833, Server_00, 3.7761233727051735, 1913.5115594132142, 0.0, 3
539, 2876.138157501351, Server_00, 4.082246213541479, 1584.2863888536913, 0.0, 4
540, 2881.296437436882, Server_00, 4.082246213541479, 1501.469500841016, 0.0, 4
541, 2884.536493724261, Server_00, 3.7761233727051735, 1521.578504424065, 0.0, 3
542, 2887.3828501205307, Server_00, 3.7761233727051735, 1732.038899436917, 0.0, 3
543, 2896.9434436669944, Server_00, 4.082246213541479, 1698.2438625791451, 0.0, 4
544, 2902.0888384726, Server_00, 4.082246213541479, 1505.2294901768096, 0.0, 4
545, 2905.2231648721445, Server_00, 3.7761233727051735, 1572.9057448249184, 0.0, 3
546, 2909.0319729136236, Server_00, 4.082246213541479, 2033.4445620925383, 0.0, 4
547, 2912.596487390041, Server_00, 4.082246213541479, 2172.806437241328, 0.0, 4
548, 2922.2102084079424, Server_00, 4.082246213541479, 1678.688410059754, 0.0, 4
549, 2927.4396575185187, Server_00, 4.082246213541479, 1481.0355424123218, 0.0, 4
550, 2930.7645723669775, Server_00, 3.7761233727051735, 1482.7447392480572, 0.0, 3
551, 2933.677114556375, Server_00, 3.7761233727051735, 1692.6793431343146, 0.0, 3
552, 2936.225293567156, Server_00, 4.082246213541479, 3039.425396423026, 0.0, 4
553, 2948.988792715163, Server_00, 4.3882382694953606, 1566.9480691734982, 0.0, 5
554, 2954.2256263646477, Server_00, 4.082246213541479, 1478.9471116315053, 0.0, 4
555, 2957.1324539510406, Server_00, 3.7761233727051735, 1696.0070225966606, 0.0, 3
556, 2961.5978680855155, Server_00, 4.082246213541479, 1734.441591924303, 0.0, 4
557, 2966.6857319451624, Server_00, 4.082246213541479, 1522.2498505566477, 0.0, 4
558, 2970.010363372681, Server_00, 3.7761233727051735, 1482.8711415027128, 0.0, 3
559, 2973.0891179072605, Server_00, 3.7761233727051735, 1601.296870090677, 0.0, 3
560, 2975.803071778965, Server_00, 4.082246213541479, 2853.769948247208, 0.0, 4
561, 2988.7684760301836, Server_00, 4.3882382694953606, 1527.2294558231922, 0.0, 5
562, 2992.0716837859804, Server_00, 3.7761233727051735, 1492.4886245342184, 0.0, 3
563, 2995.0130184052723, Server_00, 3.7761233727051735, 1676.109874634703, 0.0, 3
564, 2998.845012261234, Server_00, 4.082246213541479, 2021.1410276534525, 0.0, 4
565, 3003.598126489329, Server_00, 4.082246213541479, 1629.4579991830149, 0.0, 4
566, 3008.8279043917637, Server_00, 4.082246213541479, 1480.9424309193432, 0.0, 4
567, 3012.1291085276152, Server_00, 3.7761233727051735, 1493.3944697510508, 0.0, 3
568, 3018.58400709953, Server_00, 3.7761233727051735, 3388.5523672702902, 0.0, 3
569, 3025.9268972594514, Server_00, 4.3882382694953606, 1656.704612905485, 0.0, 5
570, 3031.163730908936, Server_00, 4.082246213541479, 1478.9471116315053, 0.0, 4
571, 3034.45382125873, Server_00, 3.7761233727051735, 1498.439093111479, 0.0, 3
572, 3037.061013682767, Server_00, 3.7761233727051735, 1890.9229539589521, 0.0, 3
573, 3045.76409301141, Server_00, 4.082246213541479, 2091.502588155186, 0.0, 4
574, 3050.973181423841, Server_00, 4.082246213541479, 1486.8244473479767, 0.0, 4
575, 3054.289194905371, Server_00, 3.7761233727051735, 1486.724956777195, 0.0, 3
576, 3057.4473710409034, Server_00, 3.7761233727051735, 1561.0275641478668, 0.0, 3
577, 3067.509273032315, Server_00, 4.082246213541479, 1530.0572814607642, 0.0, 4
578, 3070.8427255683973, Server_00, 3.7761233727051735, 1478.9471116315688, 0.0, 3
579, 3074.122887799734, Server_00, 3.7761233727051735, 1502.974442209463, 0.0, 3
580, 3076.394170553014, Server_00, 3.7761233727051735, 2170.5795955525114, 0.0, 3
581, 3085.894103674442, Server_00, 4.082246213541479, 1721.1366904810577, 0.0, 4
582, 3091.1309373239264, Server_00, 4.082246213541479, 1478.9471116315053, 0.0, 4
583, 3094.464389860009, Server_00, 3.7761233727051735, 1478.9471116315688, 0.0, 3
584, 3097.3612600853817, Server_00, 3.7761233727051735, 1701.8366776735802, 0.0, 3
585, 3107.130756258152, Server_00, 4.082246213541479, 1623.8612464388514, 0.0, 4
586, 3112.3157557324716, Server_00, 4.082246213541479, 1493.7320704388553, 0.0, 4
587, 3115.429194507536, Server_00, 3.7761233727051735, 1583.4581490679827, 0.0, 3
588, 3119.6623160420436, Server_00, 4.082246213541479, 1829.6190971282979, 0.0, 4
589, 3124.162526051112, Server_00, 4.082246213541479, 1721.030792872606, 0.0, 4
590, 3128.5800605146183, Server_00, 4.082246213541479, 1753.2404249433832, 0.0, 4
591, 3133.0946660665973, Server_00, 4.082246213541479, 1715.5430105305516, 0.0, 4
592, 3137.8459178169887, Server_00, 4.082246213541479, 1630.0967422662582, 0.0, 4
593, 3148.0537787840804, Server_00, 4.082246213541479, 1487.1748783119435, 0.0, 4
594, 3151.350340035559, Server_00, 3.7761233727051735, 1495.4977699227607, 0.0, 3
595, 3154.277517091023, Server_00, 3.7761233727051735, 1684.2165357907222, 0.0, 3
596, 3156.386752673093, Server_00, 4.082246213541479, 3671.946398894059, 0.0, 4
597, 3168.978561700699, Server_00, 4.3882382694953606, 1602.3848803050744, 0.0, 5
598, 3174.215395350184, Server_00, 4.082246213541479, 1478.9471116315053, 0.0, 4
599, 3177.2033381547076, Server_00, 3.7761233727051735, 1649.964648766357, 0.0, 3
600, 3181.2409484735176, Server_00, 4.082246213541479, 1918.2138414691292, 0.0, 4
601, 3185.902694919706, Server_00, 4.082246213541479, 1661.3945201444212, 0.0, 4
602, 3190.768715887652, Server_00, 4.082246213541479, 1591.6495327534894, 0.0, 4
603, 3195.9267866357045, Server_00, 4.082246213541479, 1501.530393495319, 0.0, 4
604, 3199.1639644139877, Server_00, 3.7761233727051735, 1522.9314970197615, 0.0, 3
605, 3201.6950296158075, Server_00, 3.7761233727051735, 1947.7965231616865, 0.0, 3
606, 3211.11496444771, Server_00, 4.082246213541479, 1752.2882790256447, 0.0, 4
607, 3216.3018782185145, Server_00, 4.082246213541479, 1493.1807896237196, 0.0, 4
608, 3219.60716167782, Server_00, 3.7761233727051735, 1491.5513482271772, 0.0, 3
609, 3222.6608673257515, Server_00, 3.7761233727051735, 1614.4319618164072, 0.0, 3
610, 3231.3301411037846, Server_00, 4.082246213541479, 2110.7719043389598, 0.0, 4
611, 3236.504611488384, Server_00, 4.082246213541479, 1496.7715387938645, 0.0, 4
612, 3239.8380640244663, Server_00, 3.7761233727051735, 1478.9471116315688, 0.0, 3
613, 3242.966299827015, Server_00, 3.7761233727051735, 1575.9681530347889, 0.0, 3
614, 3246.540124569221, Server_00, 4.082246213541479, 2167.146001462679, 0.0, 4
615, 3255.8651439222053, Server_00, 4.082246213541479, 1790.7434320856473, 0.0, 4
616, 3260.848030536424, Server_00, 4.082246213541479, 1554.3199353361506, 0.0, 4
617, 3266.0137663541477, Server_00, 4.082246213541479, 1499.3023788454393, 0.0, 4
618, 3268.9671968516577, Server_00, 3.7761233727051735, 1669.2453078399587, 0.0, 3
619, 3271.5929885333508, Server_00, 4.082246213541479, 2949.586615723536, 0.0, 4
620, 3284.1326708067954, Server_00, 4.3882382694953606, 1613.4632148686226, 0.0, 5
621, 3289.319145864079, Server_00, 4.082246213541479, 1493.3070947913588, 0.0, 4
622, 3292.619623659029, Server_00, 3.7761233727051735, 1493.7231232227425, 0.0, 3
623, 3295.790133222383, Server_00, 3.7761233727051735, 1554.9550952260836, 0.0, 3
624, 3299.3426465803605, Server_00, 4.082246213541479, 2180.1466228431013, 0.0, 4
625, 3303.0918132320257, Server_00, 4.082246213541479, 2065.7924065765, 0.0, 4
626, 3307.4781771895696, Server_00, 4.082246213541479, 1765.69935257649, 0.0, 4
627, 3317.6654385268444, Server_00, 4.082246213541479, 1493.0807407650254, 0.0, 4
628, 3320.532038306291, Server_00, 3.7761233727051735, 1719.8075697026607, 0.0, 3
629, 3323.3294835912952, Server_00, 4.082246213541479, 2768.5974919748173, 0.0, 4
630, 3325.012693579213, Server_00, 4.3882382694953606, 7227.262247325084, 0.0, 5
631, 3350.2379277627742, Server_00, 4.9999536060530145, 1483.295556814063, 0.0, 7
632, 3353.566451311648, Server_00, 3.7761233727051735, 1481.1371851847134, 0.0, 3
633, 3355.9588056509388, Server_00, 3.7761233727051735, 2060.731522514205, 0.0, 3
634, 3358.4749467708666, Server_00, 4.082246213541479, 3078.1262380951357, 0.0, 4
635, 3364.5706761569736, Server_00, 4.3882382694953606, 1995.659457541817, 0.0, 5
636, 3369.7845849182067, Server_00, 4.082246213541479, 1485.4498524381981, 0.0, 4
637, 3372.9509888257226, Server_00, 3.7761233727051735, 1556.9712974071604, 0.0, 3
638, 3377.0478923908568, Server_00, 4.082246213541479, 1890.4521126423695, 0.0, 4
639, 3380.888685742922, Server_00, 4.082246213541479, 2016.51046803531, 0.0, 4
640, 3385.1948479339594, Server_00, 4.082246213541479, 1798.5852962343122, 0.0, 4
641, 3389.861892102838, Server_00, 4.082246213541479, 1659.5086139631014, 0.0, 4
642, 3394.936313499031, Server_00, 4.082246213541479, 1526.2823867585369, 0.0, 4
643, 3398.2543923205067, Server_00, 3.7761233727051735, 1485.7995440286618, 0.0, 3
644, 3401.162517167868, Server_00, 3.7761233727051735, 1695.2504650800468, 0.0, 3
645, 3404.3796222920623, Server_00, 4.082246213541479, 2407.4438667711943, 0.0, 4
646, 3406.9935574159767, Server_00, 4.082246213541479, 2962.9656563173303, 0.0, 4
647, 3420.048102612339, Server_00, 4.3882382694953606, 1510.3273621823312, 0.0, 5
648, 3423.3815551484213, Server_00, 3.7761233727051735, 1478.9471116315688, 0.0, 3
649, 3426.3855655780794, Server_00, 3.7761233727051735, 1641.1394419030175, 0.0, 3
650, 3429.968265150149, Server_00, 4.082246213541479, 2161.77768864003, 0.0, 4
651, 3433.403907697971, Server_00, 4.082246213541479, 2254.309024351027, 0.0, 4
652, 3436.986130930808, Server_00, 4.082246213541479, 2162.065146863125, 0.0, 4
653, 3446.2223528958916, Server_00, 4.082246213541479, 1828.280024946044, 0.0, 4
654, 3451.418826484469, Server_00, 4.082246213541479, 1490.4338236270344, 0.0, 4
655, 3454.7291477371427, Server_00, 3.7761233727051735, 1489.2814393822853, 0.0, 3
656, 3457.953306747452, Server_00, 3.7761233727051735, 1529.080912025746, 0.0, 3
657, 3460.454717546609, Server_00, 3.7761233727051735, 1970.8877892674, 0.0, 3
658, 3469.240672821097, Server_00, 4.082246213541479, 2045.7188314374064, 0.0, 4
659, 3474.440424820248, Server_00, 4.082246213541479, 1489.4941145778907, 0.0, 4
660, 3477.7659914238734, Server_00, 3.7761233727051735, 1482.4541461974438, 0.0, 3
661, 3485.3342282266576, Server_00, 3.7761233727051735, 1919.6049190851136, 0.0, 3
662, 3490.0849300450836, Server_00, 4.082246213541479, 1630.2854390819316, 0.0, 4
663, 3495.1748625893733, Server_00, 4.082246213541479, 1521.6311675267636, 0.0, 4
664, 3498.4983082796325, Server_00, 3.7761233727051735, 1483.400199512674, 0.0, 3
665, 3501.6147241085655, Server_00, 3.7761233727051735, 1581.9455010559223, 0.0, 3
666, 3510.4092793878335, Server_00, 4.082246213541479, 2041.0824009642631, 0.0, 4
667, 3515.636482605862, Server_00, 4.082246213541479, 1481.6718763272158, 0.0, 4
668, 3518.9696533374204, Server_00, 3.7761233727051735, 1479.072149927089, 0.0, 3
669, 3522.0666498999185, Server_00, 3.7761233727051735, 1591.8648601996858, 0.0, 3
670, 3530.4504146958816, Server_00, 4.082246213541479, 2288.870671283054, 0.0, 4
671, 3535.4078256477223, Server_00, 4.082246213541479, 1562.3074373376635, 0.0, 4
672, 3540.642469128045, Server_00, 4.082246213541479, 1479.5659015010378, 0.0, 4
673, 3543.87662774912, Server_00, 3.7761233727051735, 1524.353186598269, 0.0, 3
674, 3546.5577019522393, Server_00, 3.7761233727051735, 1838.8152011100958, 0.0, 3
675, 3555.0155192874763, Server_00, 4.082246213541479, 2239.8522678090408, 0.0, 4
676, 3560.05805953709, Server_00, 4.082246213541479, 1535.9322120619045, 0.0, 4
677, 3563.387346534008, Server_00, 3.7761233727051735, 1480.7975415046894, 0.0, 3
678, 3566.3937971076552, Server_00, 3.7761233727051735, 1639.807433793657, 0.0, 3
679, 3575.7504984092234, Server_00, 4.082246213541479, 1777.721138975557, 0.0, 4
680, 3580.434226932542, Server_00, 4.082246213541479, 1653.5971206358997, 0.0, 4
681, 3585.1003663140596, Server_00, 4.082246213541479, 1659.8304008401083, 0.0, 4
682, 3589.704961454558, Server_00, 4.082246213541479, 1682.0154136638084, 0.0, 4
683, 3593.924101222506, Server_00, 4.082246213541479, 1835.6822541972233, 0.0, 4
684, 3597.223792232868, Server_00, 4.082246213541479, 2347.189471886407, 0.0, 4
685, 3603.2810971369427, Server_00, 4.082246213541479, 7325.22848437888, 0.0, 4
686, 3615.7042975588197, Server_00, 4.9999536060530145, 2414.8366750302566, 0.0, 7
687, 3619.1883183113964, Server_00, 4.082246213541479, 2223.0062763753413, 0.0, 4
688, 3622.24341534224, Server_00, 4.082246213541479, 2535.10769766331, 0.0, 4
689, 3625.0144256695685, Server_00, 4.3882382694953606, 4390.095511382811, 0.0, 5
690, 3628.8526051276267, Server_00, 4.694143310325732, 4977.620303784711, 0.0, 6
691, 3636.4563631035744, Server_00, 4.694143310325732, 2512.5733960014463, 0.0, 6
692, 3641.339116349102, Server_00, 4.3882382694953606, 2491.4222341960162, 0.0, 5
693, 3646.0416499344246, Server_00, 4.3882382694953606, 2586.903374378588, 0.0, 5
694, 3650.626324903497, Server_00, 4.3882382694953606, 2653.4051120447753, 0.0, 5
695, 3654.9166307355035, Server_00, 4.3882382694953606, 2835.462196947907, 0.0, 5
696, 3658.714889555433, Server_00, 4.3882382694953606, 3202.7833217080442, 0.0, 5
697, 3660.9937084814574, Server_00, 4.3882382694953606, 5338.291630402665, 0.0, 5
698, 3671.0248216802815, Server_00, 4.694143310325732, 3797.3703323679933, 0.0, 6
699, 3674.531968392326, Server_00, 4.3882382694953606, 3468.631625310397, 0.0, 5
700, 3678.037042064137, Server_00, 4.3882382694953606, 3470.6831122649955, 0.0, 5
701, 3680.4772833766247, Server_00, 4.3882382694953606, 4985.162712288825, 0.0, 5
702, 3689.2634474004008, Server_00, 4.694143310325732, 5046.004314664037, 0.0, 6
703, 3693.632397103396, Server_00, 4.694143310325732, 4372.904542000376, 0.0, 6
704, 3697.8304978437154, Server_00, 4.694143310325732, 4550.867447394161, 0.0, 6
705, 3704.948198462272, Server_00, 4.694143310325732, 9021.57738095246, 0.0, 6
706, 3708.5963315883982, Server_00, 4.9999536060530145, 8223.384115331404, 0.0, 7
707, 3712.80727910802, Server_00, 4.9999536060530145, 7124.287315434304, 0.0, 7
708, 3721.1495517532835, Server_00, 4.9999536060530145, 8975.928412816174, 0.0, 7
709, 3724.474912578026, Server_00, 4.9999536060530145, 9021.577380952167, 0.0, 7
710, 3727.800273402768, Server_00, 4.9999536060530145, 9021.577380952167, 0.0, 7
711, 3736.1256342275105, Server_00, 4.9999536060530145, 9021.577380952167, 0.0, 7
712, 3739.450995052253, Server_00, 4.9999536060530145, 9021.577380952167, 0.0, 7
713, 3742.7763558769952, Server_00, 4.9999536060530145, 9021.577380952167, 0.0, 7
714, 3751.1017167017376, Server_00, 4.9999536060530145, 9021.577380952167, 0.0, 7
715, 3754.42707752648, Server_00, 4.9999536060530145, 9021.577380952167, 0.0, 7
716, 3757.7524383512223, Server_00, 4.9999536060530145, 9021.577380952167, 0.0, 7
717, 3766.0777991759646, Server_00, 4.9999536060530145, 9021.577380952167, 0.0, 7
718, 3769.403160000707, Server_00, 4.9999536060530145, 9021.577380952167, 0.0, 7
719, 3772.7285208254493, Server_00, 4.9999536060530145, 9021.577380952167, 0.0, 7
