0, 24.58401255996059, Server_04, 4.9999536060530145, 8865.49494984392, 0.0, 7
1, 28.085008384702856, Server_04, 4.9999536060530145, 8865.49494984392, 0.0, 7
2, 31.527459209445123, Server_04, 4.9999536060530145, 8865.49494984392, 0.0, 7
3, 34.96991003418739, Server_04, 4.9999536060530145, 8865.494949843911, 0.0, 7
4, 38.41236085892966, Server_04, 4.9999536060530145, 8865.494949843911, 0.0, 7
5, 41.85481168367193, Server_04, 4.9999536060530145, 8865.494949843911, 0.0, 7
6, 45.29726250841421, Server_04, 4.9999536060530145, 8865.494949843911, 0.0, 7
7, 48.73971333315648, Server_04, 4.9999536060530145, 8865.494949843911, 0.0, 7
8, 52.182164157898754, Server_04, 4.9999536060530145, 8865.494949843911, 0.0, 7
9, 55.62461498264103, Server_04, 4.9999536060530145, 8865.494949843911, 0.0, 7
10, 59.0670658073833, Server_04, 4.9999536060530145, 8865.494949843911, 0.0, 7
11, 62.509516632125575, Server_04, 4.9999536060530145, 8865.494949843911, 0.0, 7
12, 65.95196745686785, Server_04, 4.9999536060530145, 8865.494949843911, 0.0, 7
13, 69.3944182816101, Server_04, 4.9999536060530145, 8865.494949843947, 0.0, 7
14, 72.83882060635236, Server_04, 4.9999536060530145, 8860.385161765098, 0.0, 7
15, 76.31401185002781, Server_04, 4.9999536060530145, 8859.90247405677, 0.0, 7
16, 79.83000843337948, Server_04, 4.9999536060530145, 8826.367911064177, 0.0, 7
17, 83.27245925812173, Server_04, 4.9999536060530145, 8865.494949843947, 0.0, 7
18, 91.74424498981446, Server_04, 4.9999536060530145, 8789.300948345946, 0.0, 7
19, 95.24067727675329, Server_04, 4.9999536060530145, 8821.505942515905, 0.0, 7
20, 98.80495773482379, Server_04, 4.9999536060530145, 8557.405531252345, 0.0, 7
21, 108.57186552940085, Server_04, 4.9999536060530145, 6452.338005064595, 0.0, 7
22, 113.66931390419097, Server_04, 4.9999536060530145, 5953.6763792874945, 0.0, 7
23, 116.7363575704884, Server_04, 4.694143310325732, 6350.343516526337, 0.0, 6
24, 121.32512451429251, Server_04, 4.9999536060530145, 6817.800972330623, 0.0, 7
25, 126.50310973727812, Server_04, 4.9999536060530145, 6012.527388123468, 0.0, 7
26, 132.5336004058086, Server_04, 4.9999536060530145, 6411.779039414777, 0.0, 7
27, 136.83582358969363, Server_04, 4.9999536060530145, 7069.339073335564, 0.0, 7
28, 143.88861784890497, Server_04, 4.9999536060530145, 6494.054979226751, 0.0, 7
29, 149.45641002542786, Server_04, 4.9999536060530145, 5445.390093921016, 0.0, 7
30, 153.1423739383721, Server_04, 4.694143310325732, 6081.713852224413, 0.0, 6
31, 158.3199509088159, Server_04, 4.9999536060530145, 5860.483031403892, 0.0, 7
32, 163.10628129556645, Server_04, 4.694143310325732, 6134.467997249791, 0.0, 6
33, 167.75851218494424, Server_04, 4.9999536060530145, 6692.491256346191, 0.0, 7
34, 174.3516204713853, Server_04, 4.9999536060530145, 5156.673580648906, 0.0, 7
35, 177.91683481770087, Server_04, 4.694143310325732, 5448.1897530696815, 0.0, 6
36, 180.99575070068354, Server_04, 4.694143310325732, 7313.324808684208, 0.0, 6
37, 188.1048335136338, Server_04, 4.9999536060530145, 7057.606753627587, 0.0, 7
38, 195.21118051339016, Server_04, 4.9999536060530145, 5659.389926843281, 0.0, 7
39, 198.41663564903143, Server_04, 4.694143310325732, 7275.711958430236, 0.0, 6
40, 203.8948828661389, Server_04, 4.9999536060530145, 7404.679415222232, 0.0, 7
41, 212.4739497762752, Server_04, 4.9999536060530145, 5626.460429355335, 0.0, 7
42, 216.37031878837388, Server_04, 4.694143310325732, 4978.081313726683, 0.0, 6
43, 219.1836452422505, Server_04, 4.694143310325732, 6935.214397176562, 0.0, 6
44, 226.7415478818939, Server_04, 4.9999536060530145, 5436.911383569814, 0.0, 7
45, 230.23209229556957, Server_04, 4.694143310325732, 5566.7258927467465, 0.0, 6
46, 236.11006106475682, Server_04, 4.694143310325732, 6903.423906649702, 0.0, 6
47, 242.5914179287441, Server_04, 4.9999536060530145, 4976.074060919784, 0.0, 7
48, 246.47071789209505, Server_04, 4.694143310325732, 5000.320665223777, 0.0, 6
49, 250.34576718866805, Server_04, 4.694143310325732, 5005.889818375221, 0.0, 6
50, 254.16080211708308, Server_04, 4.694143310325732, 5085.8648270251015, 0.0, 6
51, 258.04741851816357, Server_04, 4.694143310325732, 4990.763754983145, 0.0, 6
52, 261.98151220156007, Server_04, 4.694143310325732, 4999.972232857983, 0.0, 6
53, 265.88107335030105, Server_04, 4.694143310325732, 4973.94420126616, 0.0, 6
54, 268.82333205035536, Server_04, 4.694143310325732, 6625.13757854674, 0.0, 6
55, 282.1329343190271, Server_04, 4.9999536060530145, 4946.3630027707995, 0.0, 7
56, 285.88746316551385, Server_04, 4.694143310325732, 6483.450280917673, 0.0, 6
57, 292.8192614482119, Server_04, 4.9999536060530145, 5992.465360067088, 0.0, 7
58, 297.6057028239565, Server_04, 4.694143310325732, 5547.573307360573, 0.0, 6
59, 301.68903525360935, Server_04, 4.694143310325732, 4746.83454317184, 0.0, 6
60, 304.6955419858915, Server_04, 4.694143310325732, 6480.748983539131, 0.0, 6
61, 312.7767044647801, Server_04, 4.9999536060530145, 4962.752012628859, 0.0, 7
62, 316.21669303047247, Server_04, 4.694143310325732, 8199.407643921464, 0.0, 6
63, 323.8195502331948, Server_04, 4.9999536060530145, 4759.552507449066, 0.0, 7
64, 326.95953305281444, Server_04, 4.694143310325732, 6278.3979505149755, 0.0, 6
65, 334.0220693502522, Server_04, 4.9999536060530145, 4591.182006834727, 0.0, 7
66, 337.8595931268274, Server_04, 4.694143310325732, 5413.020451175757, 0.0, 6
67, 342.1701696050033, Server_04, 4.694143310325732, 4493.146416732514, 0.0, 6
68, 346.45884089405735, Server_04, 4.694143310325732, 4516.413623261417, 0.0, 6
69, 350.24553821911303, Server_04, 4.694143310325732, 5124.522373080491, 0.0, 6
70, 354.88096178424286, Server_04, 4.694143310325732, 6515.361955177679, 0.0, 6
71, 361.8260695842041, Server_04, 4.9999536060530145, 4628.34509587053, 0.0, 7
72, 365.70649336517187, Server_04, 4.694143310325732, 5000.09604495048, 0.0, 6
73, 370.29858367202627, Server_04, 4.694143310325732, 6679.533455086282, 0.0, 6
74, 377.58447967747355, Server_04, 4.9999536060530145, 4562.820425761812, 0.0, 7
75, 381.93051702064724, Server_04, 4.694143310325732, 4493.482933301083, 0.0, 6
76, 386.2413826352894, Server_04, 4.694143310325732, 4492.840905320008, 0.0, 6
77, 390.5522486812116, Server_04, 4.694143310325732, 4492.840449645941, 0.0, 6
78, 394.1340066330059, Server_04, 4.694143310325732, 5422.607222839036, 0.0, 6
79, 399.0749592353281, Server_04, 4.694143310325732, 5906.933623054197, 0.0, 6
80, 403.3848343572833, Server_04, 4.694143310325732, 4605.168278969794, 0.0, 6
81, 407.2876037128189, Server_04, 4.694143310325732, 5061.278320816594, 0.0, 6
82, 411.5331341224719, Server_04, 4.694143310325732, 4562.948787916441, 0.0, 6
83, 415.80296972028003, Server_04, 4.694143310325732, 4536.614027524849, 0.0, 6
84, 419.96587610760514, Server_04, 4.694143310325732, 4654.804535243669, 0.0, 6
85, 423.99339579421957, Server_04, 4.694143310325732, 4813.585751613009, 0.0, 6
86, 433.08341271723623, Server_04, 4.694143310325732, 4842.842494115773, 0.0, 6
87, 436.7627722078057, Server_04, 4.694143310325732, 5280.118994220773, 0.0, 6
88, 440.3661761365451, Server_04, 4.694143310325732, 7735.976028896369, 0.0, 6
89, 447.37962982548555, Server_04, 4.9999536060530145, 4789.953447873007, 0.0, 7
90, 451.69959702902236, Server_04, 4.694143310325732, 4526.9592818283045, 0.0, 6
91, 456.0678433650834, Server_04, 4.694143310325732, 4521.696821152104, 0.0, 6
92, 460.3786110597123, Server_04, 4.694143310325732, 4492.944366279766, 0.0, 6
93, 464.5606895323833, Server_04, 4.694143310325732, 4633.162341622648, 0.0, 6
94, 472.6856692676406, Server_04, 4.694143310325732, 6318.441630137108, 0.0, 6
95, 478.6926306738006, Server_04, 4.9999536060530145, 5105.983415646925, 0.0, 7
96, 482.9171398189282, Server_04, 4.694143310325732, 4585.973218791258, 0.0, 6
97, 486.99695509210176, Server_04, 4.694143310325732, 4750.986305857629, 0.0, 6
98, 491.07501770026005, Server_04, 4.694143310325732, 4786.028270825645, 0.0, 6
99, 494.61024217902803, Server_04, 4.694143310325732, 5605.288669492125, 0.0, 6
100, 497.20069444575364, Server_04, 4.694143310325732, 7593.7087723382, 0.0, 6
101, 508.58349923868775, Server_04, 4.9999536060530145, 4743.638146161854, 0.0, 7
102, 512.8213361802475, Server_04, 4.694143310325732, 4571.34851241566, 0.0, 6
103, 517.3447822026346, Server_04, 4.694143310325732, 4388.652775165036, 0.0, 6
104, 521.4566149247943, Server_04, 4.694143310325732, 4772.182319687131, 0.0, 6
105, 525.0916071144565, Server_04, 4.694143310325732, 5564.10280060032, 0.0, 6
106, 527.5543927696443, Server_04, 4.694143310325732, 8094.205549061442, 0.0, 6
107, 539.0888954158397, Server_04, 4.9999536060530145, 4687.336746419312, 0.0, 7
108, 543.5047229468574, Server_04, 4.694143310325732, 4415.954592627842, 0.0, 6
109, 548.0806347905951, Server_04, 4.694143310325732, 4449.380889833792, 0.0, 6
110, 552.3849242119401, Server_04, 4.694143310325732, 4499.799824019535, 0.0, 6
111, 556.4068817732693, Server_04, 4.694143310325732, 4833.553430483607, 0.0, 6
112, 559.9097279979085, Server_04, 4.694143310325732, 5575.841235811766, 0.0, 6
113, 562.8387591534414, Server_04, 4.694143310325732, 6929.813583783412, 0.0, 6
114, 574.421023251548, Server_04, 4.9999536060530145, 4719.18956875193, 0.0, 7
115, 578.7769995647423, Server_04, 4.694143310325732, 4445.67896672197, 0.0, 6
116, 583.1963382893027, Server_04, 4.694143310325732, 4608.543852820428, 0.0, 6
117, 587.530902055076, Server_04, 4.694143310325732, 4627.710792056425, 0.0, 6
118, 591.6226397579518, Server_04, 4.694143310325732, 4736.942022724957, 0.0, 6
119, 595.251990302402, Server_04, 4.694143310325732, 5359.9398058926, 0.0, 6
120, 598.7906360576152, Server_04, 4.694143310325732, 5673.866670936804, 0.0, 6
121, 606.712401648627, Server_04, 4.694143310325732, 6824.328603015098, 0.0, 6
122, 613.0985293251283, Server_04, 4.9999536060530145, 4773.179534313264, 0.0, 7
123, 617.1592983281929, Server_04, 4.694143310325732, 4773.595877035064, 0.0, 6
124, 621.7672839063791, Server_04, 4.694143310325732, 6652.774773585148, 0.0, 6
125, 628.8004996898429, Server_04, 4.9999536060530145, 4487.675816636193, 0.0, 7
126, 633.2883103628488, Server_04, 4.694143310325732, 4370.503313381743, 0.0, 6
127, 637.739207665344, Server_04, 4.694143310325732, 4349.605560816923, 0.0, 6
128, 642.1686851885037, Server_04, 4.694143310325732, 4428.753334975039, 0.0, 6
129, 646.3914706726129, Server_04, 4.694143310325732, 4593.607840906574, 0.0, 6
130, 650.6384286161469, Server_04, 4.694143310325732, 4594.581528034902, 0.0, 6
131, 654.7335320198948, Server_04, 4.694143310325732, 4798.581013271102, 0.0, 6
132, 658.1679106916805, Server_04, 4.694143310325732, 5864.4442090974935, 0.0, 6
133, 665.9063643805844, Server_04, 4.694143310325732, 7261.291516414963, 0.0, 6
134, 672.4910230558816, Server_04, 4.9999536060530145, 4688.463049348128, 0.0, 7
135, 676.884308433098, Server_04, 4.694143310325732, 4407.415055447497, 0.0, 6
136, 681.5964087038576, Server_04, 4.694143310325732, 4350.312008914509, 0.0, 6
137, 685.9942100522481, Server_04, 4.694143310325732, 4402.828149824813, 0.0, 6
138, 690.2877101223711, Server_04, 4.694143310325732, 4511.263917481248, 0.0, 6
139, 694.3715368720692, Server_04, 4.694143310325732, 4753.001645952084, 0.0, 6
140, 701.8796564500655, Server_04, 4.694143310325732, 7799.313469209745, 0.0, 6
141, 707.2359079811208, Server_04, 4.9999536060530145, 5662.827833919964, 0.0, 7
142, 711.6647068749196, Server_04, 4.694143310325732, 4371.599560178676, 0.0, 6
143, 716.1144428408091, Server_04, 4.694143310325732, 4379.30580937412, 0.0, 6
144, 720.6455353553434, Server_04, 4.694143310325732, 4285.79220902676, 0.0, 6
145, 725.1636376825413, Server_04, 4.694143310325732, 4284.7650460146715, 0.0, 6
146, 729.558524944609, Server_04, 4.694143310325732, 4406.518575900989, 0.0, 6
147, 738.29210970373, Server_04, 4.694143310325732, 5254.507045199398, 0.0, 6
148, 741.5105997028982, Server_04, 4.694143310325732, 6169.878624506396, 0.0, 6
149, 745.1394466339274, Server_04, 4.9999536060530145, 8459.877186378051, 0.0, 7
150, 749.9953513133279, Server_04, 4.9999536060530145, 6438.531812887471, 0.0, 7
151, 757.1702546385682, Server_04, 4.9999536060530145, 4290.751975629936, 0.0, 7
152, 761.6245672372181, Server_04, 4.694143310325732, 4413.146605009356, 0.0, 6
153, 766.0863603429444, Server_04, 4.694143310325732, 4338.842495646416, 0.0, 6
154, 770.5431767732452, Server_04, 4.694143310325732, 4343.7519268094, 0.0, 6
155, 774.6802585729913, Server_04, 4.694143310325732, 4684.277950168172, 0.0, 6
156, 778.3616458943425, Server_04, 4.694143310325732, 5295.202253687779, 0.0, 6
157, 785.720216992528, Server_04, 4.694143310325732, 8306.427485788876, 0.0, 6
158, 790.6547650544687, Server_04, 4.9999536060530145, 6183.80445166863, 0.0, 7
159, 797.6335395887364, Server_04, 4.9999536060530145, 4348.067764694595, 0.0, 7
160, 802.1014573138832, Server_04, 4.694143310325732, 4390.444953484439, 0.0, 6
161, 806.4701523392827, Server_04, 4.694143310325732, 4433.461544581172, 0.0, 6
162, 810.8182695948003, Server_04, 4.694143310325732, 4453.8240323205355, 0.0, 6
163, 814.9449508178042, Server_04, 4.694143310325732, 4708.115073273206, 0.0, 6
164, 818.7820225735386, Server_04, 4.694143310325732, 5056.203445166948, 0.0, 6
165, 826.0742311982028, Server_04, 4.694143310325732, 8713.450851199661, 0.0, 6
166, 830.1620283372283, Server_04, 4.9999536060530145, 7493.763047267339, 0.0, 7
167, 837.0975254221923, Server_04, 4.9999536060530145, 4424.209449866879, 0.0, 7
168, 841.69317656746, Server_04, 4.694143310325732, 4297.419805585708, 0.0, 6
169, 846.1384875270121, Server_04, 4.694143310325732, 4356.081614481623, 0.0, 6
170, 850.4472927099168, Server_04, 4.694143310325732, 4495.018934803911, 0.0, 6
171, 854.5369788468773, Server_04, 4.694143310325732, 4739.352791404668, 0.0, 6
172, 863.1244772788606, Server_04, 4.694143310325732, 5513.576641021062, 0.0, 6
173, 866.2172264171514, Server_04, 4.694143310325732, 6296.544045570244, 0.0, 6
174, 869.6634370883968, Server_04, 4.9999536060530145, 8855.655460525835, 0.0, 7
175, 874.4505705805267, Server_04, 4.9999536060530145, 6393.505260948898, 0.0, 7
176, 886.4797725565567, Server_04, 4.9999536060530145, 4318.313676623096, 0.0, 7
177, 890.9729454105046, Server_04, 4.694143310325732, 4312.741259915784, 0.0, 6
178, 895.3499808819367, Server_04, 4.694143310325732, 4427.938983614688, 0.0, 6
179, 899.5972920851984, Server_04, 4.694143310325732, 4626.527363154049, 0.0, 6
180, 903.6037836166715, Server_04, 4.694143310325732, 4853.215818074766, 0.0, 6
181, 907.2322419191922, Server_04, 4.694143310325732, 5447.943047690376, 0.0, 6
182, 910.1532547206114, Server_04, 4.694143310325732, 6940.1510348308175, 0.0, 6
183, 913.6114101698063, Server_04, 4.9999536060530145, 8865.49494984406, 0.0, 7
184, 925.6473997149767, Server_04, 4.9999536060530145, 4335.949641144976, 0.0, 7
185, 930.2216585597118, Server_04, 4.694143310325732, 4398.232077263612, 0.0, 6
186, 934.5695895684287, Server_04, 4.694143310325732, 4454.017419083979, 0.0, 6
187, 939.0019713746889, Server_04, 4.694143310325732, 4411.426740188321, 0.0, 6
188, 943.3709725591486, Server_04, 4.694143310325732, 4432.245493847743, 0.0, 6
189, 947.4439051227818, Server_04, 4.694143310325732, 4759.1319216596585, 0.0, 6
190, 950.93021386778, Server_04, 4.694143310325732, 5593.409438132384, 0.0, 6
191, 953.5514523479806, Server_04, 4.694143310325732, 7532.840221435012, 0.0, 6
192, 965.5096733911574, Server_04, 4.9999536060530145, 4503.105062227392, 0.0, 7
193, 969.9898829753666, Server_04, 4.694143310325732, 4320.77097576065, 0.0, 6
194, 974.5072958023026, Server_04, 4.694143310325732, 4284.719965141605, 0.0, 6
195, 978.9096096458868, Server_04, 4.694143310325732, 4398.254301266069, 0.0, 6
196, 983.0754959153603, Server_04, 4.694143310325732, 4651.427467688574, 0.0, 6
197, 987.1185985009656, Server_04, 4.694143310325732, 4794.760670298504, 0.0, 6
198, 990.8372382879678, Server_04, 4.694143310325732, 5219.810172087894, 0.0, 6
199, 994.3262894549115, Server_04, 4.694143310325732, 5735.425090817592, 0.0, 6
200, 1002.0340690480595, Server_04, 4.694143310325732, 7379.3952774999825, 0.0, 6
201, 1008.7666365399572, Server_04, 4.9999536060530145, 4658.231903938599, 0.0, 7
202, 1013.1641314705854, Server_04, 4.694143310325732, 4403.139078683433, 0.0, 6
203, 1017.9898910502048, Server_04, 4.694143310325732, 4329.786281084615, 0.0, 6
204, 1022.4515740941671, Server_04, 4.694143310325732, 4338.950950265451, 0.0, 6
205, 1026.6188442047978, Server_04, 4.694143310325732, 4649.860841400282, 0.0, 6
206, 1030.5329318687855, Server_04, 4.694143310325732, 5059.94695066639, 0.0, 6
207, 1034.2800593128882, Server_04, 4.694143310325732, 5239.757044209351, 0.0, 6
208, 1041.8653979293272, Server_04, 4.694143310325732, 7560.9657534774415, 0.0, 6
209, 1048.214790302472, Server_04, 4.9999536060530145, 4821.213232101592, 0.0, 7
210, 1052.6879537713912, Server_04, 4.694143310325732, 4327.6673022839295, 0.0, 6
211, 1057.1355409871535, Server_04, 4.694143310325732, 4460.988802036477, 0.0, 6
212, 1061.5639734557678, Server_04, 4.694143310325732, 4522.330472866977, 0.0, 6
213, 1065.7164291123213, Server_04, 4.694143310325732, 4666.6870879112885, 0.0, 6
214, 1069.5115159182787, Server_04, 4.694143310325732, 5196.350152747109, 0.0, 6
215, 1076.7487653882667, Server_04, 4.694143310325732, 8768.972691420628, 0.0, 6
216, 1080.6156469283378, Server_04, 4.9999536060530145, 7877.455073715978, 0.0, 7
217, 1087.2219303756544, Server_04, 4.9999536060530145, 4591.680949968758, 0.0, 7
218, 1091.6745606696318, Server_04, 4.694143310325732, 4347.890111779645, 0.0, 6
219, 1096.1919505288274, Server_04, 4.694143310325732, 4284.742035955665, 0.0, 6
220, 1100.7036506811137, Server_04, 4.694143310325732, 4290.216564808398, 0.0, 6
221, 1105.0531406449502, Server_04, 4.694143310325732, 4452.399217658288, 0.0, 6
222, 1109.2165351933402, Server_04, 4.694143310325732, 4654.250971876385, 0.0, 6
223, 1116.9243189610834, Server_04, 4.694143310325732, 7211.505520989959, 0.0, 6
224, 1120.4365496649766, Server_04, 4.9999536060530145, 8739.254842270511, 0.0, 7
225, 1125.7721992768618, Server_04, 4.9999536060530145, 5902.312570177569, 0.0, 7
226, 1130.2654884845185, Server_04, 4.694143310325732, 4308.027499537616, 0.0, 6
227, 1134.7934853295249, Server_04, 4.694143310325732, 4302.880587709744, 0.0, 6
228, 1139.330447328638, Server_04, 4.694143310325732, 4303.564142527472, 0.0, 6
229, 1148.7446238795494, Server_04, 4.694143310325732, 4400.248514016536, 0.0, 6
230, 1152.8998578023802, Server_04, 4.694143310325732, 4663.521554945213, 0.0, 6
231, 1156.5180788425469, Server_04, 4.694143310325732, 5396.910585478632, 0.0, 6
232, 1159.5688873714812, Server_04, 4.694143310325732, 6402.326178662469, 0.0, 6
233, 1170.4839955793439, Server_04, 4.9999536060530145, 5188.434647050516, 0.0, 7
234, 1175.0107764198904, Server_04, 4.694143310325732, 4275.736707233359, 0.0, 6
235, 1179.5181202966498, Server_04, 4.694143310325732, 4324.690363837117, 0.0, 6
236, 1183.9780217523655, Server_04, 4.694143310325732, 4340.971120121555, 0.0, 6
237, 1188.298176727199, Server_04, 4.694143310325732, 4491.627432254818, 0.0, 6
238, 1192.5052265094, Server_04, 4.694143310325732, 4605.273707763253, 0.0, 6
239, 1196.2694980063534, Server_04, 4.694143310325732, 5158.6562449903195, 0.0, 6
240, 1199.5085716991514, Server_04, 4.694143310325732, 6021.534955674658, 0.0, 6
241, 1209.8201030693908, Server_04, 4.9999536060530145, 5750.1919523230745, 0.0, 7
242, 1214.2263731740723, Server_04, 4.694143310325732, 4394.252060561293, 0.0, 6
243, 1218.7269375640137, Server_04, 4.694143310325732, 4300.971770465893, 0.0, 6
244, 1223.2061684273801, Server_04, 4.694143310325732, 4321.727575877038, 0.0, 6
245, 1227.589390225117, Server_04, 4.694143310325732, 4417.671167935098, 0.0, 6
246, 1231.629472592809, Server_04, 4.694143310325732, 4798.39776339354, 0.0, 6
247, 1235.490453820322, Server_04, 4.694143310325732, 5024.410366638999, 0.0, 6
248, 1238.7984703896664, Server_04, 4.694143310325732, 5879.417496751814, 0.0, 6
249, 1247.434360641575, Server_04, 4.694143310325732, 5510.866877880863, 0.0, 6
250, 1251.7336448616832, Server_04, 4.694143310325732, 4505.110785735448, 0.0, 6
251, 1256.2118556129283, Server_04, 4.694143310325732, 4322.725082687106, 0.0, 6
252, 1260.6900748736064, Server_04, 4.694143310325732, 4495.101142770322, 0.0, 6
253, 1265.0635680511473, Server_04, 4.694143310325732, 4427.631390671373, 0.0, 6
254, 1268.9755383035883, Server_04, 4.694143310325732, 4959.63655092726, 0.0, 6
255, 1276.9665495163497, Server_04, 4.694143310325732, 6514.994074564439, 0.0, 6
256, 1283.5995363153406, Server_04, 4.9999536060530145, 4622.08490546845, 0.0, 7
257, 1287.9117276587951, Server_04, 4.694143310325732, 4509.575395293889, 0.0, 6
258, 1292.3017783229532, Server_04, 4.694143310325732, 4412.514568970002, 0.0, 6
259, 1296.6460137454494, Server_04, 4.694143310325732, 4462.904337601354, 0.0, 6
260, 1301.0826262663259, Server_04, 4.694143310325732, 4363.797476603503, 0.0, 6
261, 1304.758638171906, Server_04, 4.694143310325732, 5281.319912154718, 0.0, 6
262, 1307.202305989453, Server_04, 4.694143310325732, 8010.069695131645, 0.0, 6
263, 1318.7151754089257, Server_04, 4.9999536060530145, 4648.781084314811, 0.0, 7
264, 1323.1735675087652, Server_04, 4.694143310325732, 4347.48308941979, 0.0, 6
265, 1327.6159796767345, Server_04, 4.694143310325732, 4358.024380754809, 0.0, 6
266, 1331.9490169388073, Server_04, 4.694143310325732, 4471.438984650694, 0.0, 6
267, 1336.1758887826882, Server_04, 4.694143310325732, 4598.748152062383, 0.0, 6
268, 1340.4685746067496, Server_04, 4.694143310325732, 4512.131455673855, 0.0, 6
269, 1344.385443482032, Server_04, 4.694143310325732, 4951.63200849791, 0.0, 6
270, 1351.620234100589, Server_04, 4.694143310325732, 8778.880397089499, 0.0, 6
271, 1356.8751878584985, Server_04, 4.9999536060530145, 5866.021002295233, 0.0, 7
272, 1361.323795262814, Server_04, 4.694143310325732, 4351.874356323523, 0.0, 6
273, 1365.896464638993, Server_04, 4.694143310325732, 4307.03693468298, 0.0, 6
274, 1370.3408312986414, Server_04, 4.694143310325732, 4356.082276617604, 0.0, 6
275, 1374.7896360795592, Server_04, 4.694143310325732, 4351.678705447076, 0.0, 6
276, 1378.9261490656647, Server_04, 4.694143310325732, 4684.9313346977915, 0.0, 6
277, 1387.5288974059713, Server_04, 4.694143310325732, 5506.309003912938, 0.0, 6
278, 1390.0588678139811, Server_04, 4.694143310325732, 7877.042122529554, 0.0, 6
279, 1393.6109586592895, Server_04, 4.9999536060530145, 8706.89855707862, 0.0, 7
280, 1405.5875920170195, Server_04, 4.9999536060530145, 4336.458057301306, 0.0, 7
281, 1410.059073233843, Server_04, 4.694143310325732, 4329.317049080794, 0.0, 6
282, 1414.3429084325428, Server_04, 4.694143310325732, 4521.582921305514, 0.0, 6
283, 1418.6609696863513, Server_04, 4.694143310325732, 4528.435668503766, 0.0, 6
284, 1422.8696503312174, Server_04, 4.694143310325732, 4603.463991263625, 0.0, 6
285, 1426.564559311504, Server_04, 4.694143310325732, 5253.874503095017, 0.0, 6
286, 1429.938894432868, Server_04, 4.694143310325732, 6062.675764168074, 0.0, 6
287, 1433.5144883135308, Server_04, 4.9999536060530145, 8529.878605027205, 0.0, 7
288, 1445.5294127610916, Server_04, 4.9999536060530145, 4312.588211461008, 0.0, 7
289, 1450.0729923584995, Server_04, 4.694143310325732, 4297.315507475619, 0.0, 6
290, 1454.5582278785887, Server_04, 4.694143310325732, 4315.865297855851, 0.0, 6
291, 1458.843023510749, Server_04, 4.694143310325732, 4521.414767774136, 0.0, 6
292, 1463.06553383131, Server_04, 4.694143310325732, 4597.681815346657, 0.0, 6
293, 1467.0813022891605, Server_04, 4.694143310325732, 4914.6159247034975, 0.0, 6
294, 1470.6486047778149, Server_04, 4.694143310325732, 5468.429994826896, 0.0, 6
295, 1473.5082072241573, Server_04, 4.694143310325732, 6882.844246491884, 0.0, 6
296, 1485.1786514929963, Server_04, 4.9999536060530145, 4602.541415781027, 0.0, 7
297, 1489.6707418636472, Server_04, 4.694143310325732, 4309.192396331701, 0.0, 6
298, 1494.1820056420236, Server_04, 4.694143310325732, 4290.63701322877, 0.0, 6
299, 1498.6754966344486, Server_04, 4.694143310325732, 4338.926917202229, 0.0, 6
300, 1502.9829025193912, Server_04, 4.694143310325732, 4496.499301190502, 0.0, 6
301, 1507.0081947855253, Server_04, 4.694143310325732, 4891.952242164059, 0.0, 6
302, 1510.5492858563853, Server_04, 4.694143310325732, 5485.928861030992, 0.0, 6
303, 1513.7593495388655, Server_04, 4.694143310325732, 6158.336629960155, 0.0, 6
304, 1524.9408210147783, Server_04, 4.9999536060530145, 4907.0747612630885, 0.0, 7
305, 1529.418013477132, Server_04, 4.694143310325732, 4323.721266014621, 0.0, 6
306, 1533.9517129953815, Server_04, 4.694143310325732, 4307.561071733115, 0.0, 6
307, 1538.438472301451, Server_04, 4.694143310325732, 4373.002171189822, 0.0, 6
308, 1542.7234734599792, Server_04, 4.694143310325732, 4541.609930513379, 0.0, 6
309, 1546.6616469794844, Server_04, 4.694143310325732, 4934.785229367582, 0.0, 6
310, 1550.6940844512471, Server_04, 4.694143310325732, 5173.176112153758, 0.0, 6
311, 1554.2263501462437, Server_04, 4.694143310325732, 5549.908413704181, 0.0, 6
312, 1561.5902571404665, Server_04, 4.694143310325732, 8287.201770428017, 0.0, 6
313, 1567.9795485555946, Server_04, 4.9999536060530145, 4775.736893640966, 0.0, 7
314, 1572.4688090857, Server_04, 4.694143310325732, 4311.944621627712, 0.0, 6
315, 1576.9212824643112, Server_04, 4.694143310325732, 4423.59798201206, 0.0, 6
316, 1581.3585087458048, Server_04, 4.694143310325732, 4397.960765232604, 0.0, 6
317, 1585.7284723142145, Server_04, 4.694143310325732, 4567.484410127404, 0.0, 6
318, 1589.7229953214432, Server_04, 4.694143310325732, 4855.584493497212, 0.0, 6
319, 1593.4640913392032, Server_04, 4.694143310325732, 5198.59921884828, 0.0, 6
320, 1600.7006950986417, Server_04, 4.694143310325732, 8771.57235414771, 0.0, 6
321, 1605.3067158294293, Server_04, 4.9999536060530145, 6612.714499348841, 0.0, 7
322, 1612.3127247628015, Server_04, 4.9999536060530145, 4335.643259175268, 0.0, 7
323, 1616.8603121722836, Server_04, 4.694143310325732, 4391.6865184792805, 0.0, 6
324, 1621.2725072917515, Server_04, 4.694143310325732, 4388.271789358973, 0.0, 6
325, 1625.5660527156208, Server_04, 4.694143310325732, 4511.215605155737, 0.0, 6
326, 1630.0577249602316, Server_04, 4.694143310325732, 4429.172702330743, 0.0, 6
327, 1634.0559960675052, Server_04, 4.694143310325732, 4863.1420620870285, 0.0, 6
328, 1641.4893895223092, Server_04, 4.694143310325732, 8064.446231664701, 0.0, 6
329, 1646.2121817307464, Server_04, 4.9999536060530145, 6663.863911129269, 0.0, 7
330, 1653.1305382015287, Server_04, 4.9999536060530145, 4373.298031261938, 0.0, 7
331, 1657.5011985155909, Server_04, 4.694143310325732, 4430.54014295426, 0.0, 6
332, 1661.9477231223234, Server_04, 4.694143310325732, 4353.940016195032, 0.0, 6
333, 1666.3548645857907, Server_04, 4.694143310325732, 4399.597183061379, 0.0, 6
334, 1670.4503796308427, Server_04, 4.694143310325732, 4748.210618118326, 0.0, 6
335, 1674.3328358667134, Server_04, 4.694143310325732, 5084.2804986029405, 0.0, 6
336, 1682.3220115397494, Server_04, 4.694143310325732, 6810.607114692261, 0.0, 6
337, 1688.301746022547, Server_04, 4.9999536060530145, 5090.867297230622, 0.0, 7
338, 1692.8347648149427, Server_04, 4.694143310325732, 4312.734844400748, 0.0, 6
339, 1697.2876278989909, Server_04, 4.694143310325732, 4347.659781241917, 0.0, 6
340, 1701.7992903020388, Server_04, 4.694143310325732, 4290.252933130407, 0.0, 6
341, 1706.111379657253, Server_04, 4.694143310325732, 4491.548319363378, 0.0, 6
342, 1709.782625226383, Server_04, 4.694143310325732, 5291.5340722149385, 0.0, 6
343, 1713.2536231659678, Server_04, 4.694143310325732, 5611.311169914546, 0.0, 6
344, 1720.7695904121938, Server_04, 4.694143310325732, 7889.674297139409, 0.0, 6
345, 1726.776179220118, Server_04, 4.9999536060530145, 5250.209357137505, 0.0, 7
346, 1731.3131281849883, Server_04, 4.694143310325732, 4266.028734760072, 0.0, 6
347, 1735.8587593379689, Server_04, 4.694143310325732, 4333.264501039063, 0.0, 6
348, 1740.3496242334866, Server_04, 4.694143310325732, 4310.383828414752, 0.0, 6
349, 1744.7307399647661, Server_04, 4.694143310325732, 4420.61252132378, 0.0, 6
350, 1748.7148808438342, Server_04, 4.694143310325732, 4878.828808216827, 0.0, 6
351, 1756.6674488319325, Server_04, 4.694143310325732, 7171.7167030623505, 0.0, 6
352, 1761.3649564656182, Server_04, 4.9999536060530145, 6466.963062421788, 0.0, 7
353, 1767.9133971172625, Server_04, 4.9999536060530145, 4629.061460464705, 0.0, 7
354, 1772.5565100801903, Server_04, 4.694143310325732, 4292.454010502525, 0.0, 6
355, 1777.2050537320476, Server_04, 4.694143310325732, 4320.123292483087, 0.0, 6
356, 1781.3371160503023, Server_04, 4.694143310325732, 4690.05002492205, 0.0, 6
357, 1785.4944169432113, Server_04, 4.694143310325732, 4668.602317139406, 0.0, 6
358, 1789.4334176060715, Server_04, 4.694143310325732, 4923.390874647486, 0.0, 6
359, 1796.9512045038596, Server_04, 4.694143310325732, 7869.431093246401, 0.0, 6
360, 1801.792248751662, Server_04, 4.9999536060530145, 6304.438164077236, 0.0, 7
361, 1808.4895247531515, Server_04, 4.9999536060530145, 4518.9359221317945, 0.0, 7
362, 1812.984881548339, Server_04, 4.694143310325732, 4306.0199264533085, 0.0, 6
363, 1817.5026633612767, Server_04, 4.694143310325732, 4284.36541978895, 0.0, 6
364, 1821.9853223655346, Server_04, 4.694143310325732, 4318.378771797826, 0.0, 6
365, 1826.1879988653843, Server_04, 4.694143310325732, 4610.1336313032225, 0.0, 6
366, 1830.0609534769164, Server_04, 4.694143310325732, 5008.638805397364, 0.0, 6
367, 1833.505376783446, Server_04, 4.694143310325732, 5642.55365089663, 0.0, 6
368, 1841.2802951243884, Server_04, 4.694143310325732, 7107.985147265887, 0.0, 6
369, 1847.6797270919312, Server_04, 4.9999536060530145, 4731.1993028044735, 0.0, 7
370, 1852.10670156105, Server_04, 4.694143310325732, 4373.4253088112, 0.0, 6
371, 1856.671260097657, Server_04, 4.694143310325732, 4297.431406385424, 0.0, 6
372, 1861.0673989145237, Server_04, 4.694143310325732, 4437.520273332427, 0.0, 6
373, 1865.3880236601124, Server_04, 4.694143310325732, 4562.7058442436655, 0.0, 6
374, 1869.6639641040956, Server_04, 4.694143310325732, 4690.3829519498, 0.0, 6
375, 1872.978181004003, Server_04, 4.694143310325732, 5928.099139039948, 0.0, 6
376, 1881.4416900692236, Server_04, 4.694143310325732, 5639.96217262539, 0.0, 6
377, 1885.602684162545, Server_04, 4.694143310325732, 4656.974301302609, 0.0, 6
378, 1890.30630836509, Server_04, 4.694143310325732, 4426.880293651677, 0.0, 6
379, 1894.652367158286, Server_04, 4.694143310325732, 4455.962341233353, 0.0, 6
380, 1898.7505080289336, Server_04, 4.694143310325732, 4729.433490815526, 0.0, 6
381, 1907.0970927799353, Server_04, 4.694143310325732, 6389.197028037571, 0.0, 6
382, 1912.16026600101, Server_04, 4.9999536060530145, 6253.340449415468, 0.0, 7
383, 1918.9302282314861, Server_04, 4.9999536060530145, 4510.115382311147, 0.0, 7
384, 1924.0473287573273, Server_04, 4.694143310325732, 4447.751349326316, 0.0, 6
385, 1928.4023374933363, Server_04, 4.694143310325732, 4446.680147647875, 0.0, 6
386, 1932.723596291531, Server_04, 4.694143310325732, 4481.886634775065, 0.0, 6
387, 1936.6952376779477, Server_04, 4.694143310325732, 4882.322875132533, 0.0, 6
388, 1939.8414071598022, Server_04, 4.694143310325732, 6187.60477910376, 0.0, 6
389, 1943.3580018841349, Server_04, 4.9999536060530145, 8675.410243208762, 0.0, 7
390, 1955.1819253880299, Server_04, 4.9999536060530145, 4434.341697619527, 0.0, 7
391, 1959.6166624265688, Server_04, 4.694143310325732, 4426.967788896706, 0.0, 6
392, 1963.6664955470894, Server_04, 4.694143310325732, 4810.752053828702, 0.0, 6
393, 1967.940178750995, Server_04, 4.694143310325732, 4659.851378471045, 0.0, 6
394, 1971.9567717589302, Server_04, 4.694143310325732, 4826.874247532719, 0.0, 6
395, 1975.7587727610446, Server_04, 4.694143310325732, 5208.176322973909, 0.0, 6
396, 1978.656165140825, Server_04, 4.694143310325732, 6729.843997981773, 0.0, 6
397, 1990.1856732005033, Server_04, 4.9999536060530145, 4866.641022480401, 0.0, 7
398, 1994.6668472562603, Server_04, 4.694143310325732, 4319.8287170684125, 0.0, 6
399, 1999.1731326004015, Server_04, 4.694143310325732, 4309.132529248069, 0.0, 6
400, 2003.6724819146887, Server_04, 4.694143310325732, 4302.581083009357, 0.0, 6
401, 2008.1853161516556, Server_04, 4.694143310325732, 4346.66512082289, 0.0, 6
402, 2012.1152154730216, Server_04, 4.694143310325732, 4934.965496327648, 0.0, 6
403, 2015.894379623282, Server_04, 4.694143310325732, 5134.898044768553, 0.0, 6
404, 2019.4011945087332, Server_04, 4.694143310325732, 5590.412943204194, 0.0, 6
405, 2026.8313549083127, Server_04, 4.694143310325732, 8055.690650089248, 0.0, 6
406, 2033.275074152571, Server_04, 4.9999536060530145, 4847.351281550467, 0.0, 7
407, 2037.7166754800876, Server_04, 4.694143310325732, 4358.830590439938, 0.0, 6
408, 2042.1824106121533, Server_04, 4.694143310325732, 4412.361905850875, 0.0, 6
409, 2046.597440200345, Server_04, 4.694143310325732, 4465.78091379484, 0.0, 6
410, 2050.3894992736177, Server_04, 4.694143310325732, 5145.025558532657, 0.0, 6
411, 2054.0811870999573, Server_04, 4.694143310325732, 5480.366425247854, 0.0, 6
412, 2061.704038731875, Server_04, 4.694143310325732, 7450.357052546902, 0.0, 6
413, 2065.7911116454484, Server_04, 4.9999536060530145, 7468.34632393525, 0.0, 7
414, 2071.778198666142, Server_04, 4.9999536060530145, 5091.55010610889, 0.0, 7
415, 2076.280688935043, Server_04, 4.694143310325732, 4299.107852136961, 0.0, 6
416, 2080.918487772661, Server_04, 4.694143310325732, 4340.126727823645, 0.0, 6
417, 2085.285975190891, Server_04, 4.694143310325732, 4433.802577442731, 0.0, 6
418, 2089.444918778093, Server_04, 4.694143310325732, 4666.986835202266, 0.0, 6
419, 2097.613442047345, Server_04, 4.694143310325732, 6202.457712697443, 0.0, 6
420, 2101.5942308107105, Server_04, 4.9999536060530145, 7783.697078404521, 0.0, 7
421, 2106.921950422948, Server_04, 4.9999536060530145, 5753.318981961144, 0.0, 7
422, 2111.3312557244567, Server_04, 4.694143310325732, 4391.186522818814, 0.0, 6
423, 2115.863221584805, Server_04, 4.694143310325732, 4362.90886191699, 0.0, 6
424, 2120.291851924302, Server_04, 4.694143310325732, 4371.768172883902, 0.0, 6
425, 2124.361211366514, Server_04, 4.694143310325732, 4763.371698009406, 0.0, 6
426, 2132.505702450274, Server_04, 4.694143310325732, 6190.970121137553, 0.0, 6
427, 2136.573581968173, Server_04, 4.9999536060530145, 7728.979550948499, 0.0, 7
428, 2141.9892842398704, Server_04, 4.9999536060530145, 5686.294803162151, 0.0, 7
429, 2146.46009093325, Server_04, 4.694143310325732, 4354.727201424697, 0.0, 6
430, 2151.026359346673, Server_04, 4.694143310325732, 4397.942697800364, 0.0, 6
431, 2155.5289106610257, Server_04, 4.694143310325732, 4378.089907250028, 0.0, 6
432, 2159.677135393431, Server_04, 4.694143310325732, 4739.169496943023, 0.0, 6
433, 2163.2715230046433, Server_04, 4.694143310325732, 5429.636089117206, 0.0, 6
434, 2171.1213682661946, Server_04, 4.694143310325732, 6887.970782630864, 0.0, 6
435, 2175.259351757689, Server_04, 4.9999536060530145, 7391.754446454375, 0.0, 7
436, 2181.7624408151587, Server_04, 4.9999536060530145, 4721.476170125153, 0.0, 7
437, 2186.2601342231806, Server_04, 4.694143310325732, 4303.753387806391, 0.0, 6
438, 2190.735386586289, Server_04, 4.694143310325732, 4337.160676171547, 0.0, 6
439, 2195.1483537745185, Server_04, 4.694143310325732, 4389.913631823548, 0.0, 6
440, 2199.460760602692, Server_04, 4.694143310325732, 4493.908935459164, 0.0, 6
441, 2207.753045001427, Server_04, 4.694143310325732, 6036.639749348215, 0.0, 6
442, 2212.137511620027, Server_04, 4.9999536060530145, 7173.540678765197, 0.0, 7
443, 2217.5392205701073, Server_04, 4.9999536060530145, 5748.2931689450525, 0.0, 7
444, 2221.963977977767, Server_04, 4.694143310325732, 4375.646032813844, 0.0, 6
445, 2226.526492033865, Server_04, 4.694143310325732, 4346.829733296422, 0.0, 6
446, 2231.01125233962, Server_04, 4.694143310325732, 4372.5797501622565, 0.0, 6
447, 2235.395521296677, Server_04, 4.694143310325732, 4452.688883956103, 0.0, 6
448, 2239.5223249075884, Server_04, 4.694143310325732, 4702.744449554043, 0.0, 6
449, 2247.5543211818363, Server_04, 4.694143310325732, 6425.193567307398, 0.0, 6
450, 2251.5902180224693, Server_04, 4.9999536060530145, 7542.707108160645, 0.0, 7
451, 2257.172149836817, Server_04, 4.9999536060530145, 5431.450124418384, 0.0, 7
452, 2261.6677679556383, Server_04, 4.694143310325732, 4305.766321262378, 0.0, 6
453, 2266.073359980776, Server_04, 4.694143310325732, 4394.937503441132, 0.0, 6
454, 2270.3637105136295, Server_04, 4.694143310325732, 4514.621442709925, 0.0, 6
455, 2274.740351126246, Server_04, 4.694143310325732, 4436.345629260672, 0.0, 6
456, 2279.108507834136, Server_04, 4.694143310325732, 4498.028902026816, 0.0, 6
457, 2287.119445345418, Server_04, 4.694143310325732, 6873.573376647526, 0.0, 6
458, 2290.94240532929, Server_04, 4.9999536060530145, 8001.2026732401, 0.0, 7
459, 2295.996521438151, Server_04, 4.9999536060530145, 6047.961586766712, 0.0, 7
460, 2302.9239867288693, Server_04, 4.9999536060530145, 4403.220017024466, 0.0, 7
461, 2307.813941261876, Server_04, 4.694143310325732, 4453.114141521695, 0.0, 6
462, 2312.2817824660697, Server_04, 4.694143310325732, 4332.8910364038065, 0.0, 6
463, 2316.6981890216152, Server_04, 4.694143310325732, 4384.030964840426, 0.0, 6
464, 2320.9405821519945, Server_04, 4.694143310325732, 4566.370337698571, 0.0, 6
465, 2324.4022503323977, Server_04, 4.694143310325732, 5613.960761107607, 0.0, 6
466, 2332.3439722544194, Server_04, 4.694143310325732, 6751.521090299609, 0.0, 6
467, 2337.673888141931, Server_04, 4.9999536060530145, 6286.609214519948, 0.0, 7
468, 2344.3099658296, Server_04, 4.9999536060530145, 4560.980754415798, 0.0, 7
469, 2349.058517919013, Server_04, 4.694143310325732, 4475.469787179751, 0.0, 6
470, 2353.339481572656, Server_04, 4.694143310325732, 4524.657919345749, 0.0, 6
471, 2357.4503483191625, Server_04, 4.694143310325732, 4766.455447007761, 0.0, 6
472, 2361.614809338918, Server_04, 4.694143310325732, 4653.042075891593, 0.0, 6
473, 2365.5498150439166, Server_04, 4.694143310325732, 4928.464765646478, 0.0, 6
474, 2368.4611574972996, Server_04, 4.694143310325732, 6710.166995342676, 0.0, 6
475, 2380.1195145650877, Server_04, 4.9999536060530145, 4813.663292203284, 0.0, 7
476, 2384.542994064703, Server_04, 4.694143310325732, 4376.927076839839, 0.0, 6
477, 2389.160549178386, Server_04, 4.694143310325732, 4296.392237366607, 0.0, 6
478, 2393.722772048292, Server_04, 4.694143310325732, 4290.024039113664, 0.0, 6
479, 2398.100117344506, Server_04, 4.694143310325732, 4423.682200991549, 0.0, 6
480, 2402.0750185696493, Server_04, 4.694143310325732, 4960.045110814133, 0.0, 6
481, 2405.5847617510653, Server_04, 4.694143310325732, 5749.158368507387, 0.0, 6
482, 2408.8473490925094, Server_04, 4.694143310325732, 6233.873136937392, 0.0, 6
483, 2420.2708590502903, Server_04, 4.9999536060530145, 4736.0455300153935, 0.0, 7
484, 2424.7151114983717, Server_04, 4.694143310325732, 4356.195716692648, 0.0, 6
485, 2429.2133536343777, Server_04, 4.694143310325732, 4303.221461900594, 0.0, 6
486, 2433.5341047177253, Server_04, 4.694143310325732, 4482.420518013477, 0.0, 6
487, 2437.697868576208, Server_04, 4.694143310325732, 4653.832270238926, 0.0, 6
488, 2441.8740115448704, Server_04, 4.694143310325732, 4639.841029988841, 0.0, 6
489, 2445.502266983237, Server_04, 4.694143310325732, 5351.9747133164165, 0.0, 6
490, 2448.708002212846, Server_04, 4.694143310325732, 6070.494188834412, 0.0, 6
491, 2459.4158740103244, Server_04, 4.9999536060530145, 5310.367248251752, 0.0, 7
492, 2463.909664058076, Server_04, 4.694143310325732, 4307.541025198666, 0.0, 6
493, 2468.38960734893, Server_04, 4.694143310325732, 4321.031208502473, 0.0, 6
494, 2472.8641913011634, Server_04, 4.694143310325732, 4326.27524499918, 0.0, 6
495, 2477.2799024017468, Server_04, 4.694143310325732, 4384.730707750938, 0.0, 6
496, 2481.3021633641756, Server_04, 4.694143310325732, 4819.97201138812, 0.0, 6
497, 2485.169212225472, Server_04, 4.694143310325732, 5048.139689334549, 0.0, 6
498, 2488.508454845, Server_04, 4.694143310325732, 5830.251853761505, 0.0, 6
499, 2495.911508609089, Server_04, 4.694143310325732, 8148.828570244469, 0.0, 6
500, 2502.1875404344173, Server_04, 4.9999536060530145, 4874.802848508616, 0.0, 7
501, 2506.7147808874324, Server_04, 4.694143310325732, 4332.051752778011, 0.0, 6
502, 2511.4129781012443, Server_04, 4.694143310325732, 4427.916831749226, 0.0, 6
503, 2516.0604139262027, Server_04, 4.694143310325732, 4298.453630747865, 0.0, 6
504, 2520.369440467441, Server_04, 4.694143310325732, 4540.736066081484, 0.0, 6
505, 2524.2720597743946, Server_04, 4.694143310325732, 5035.982021271907, 0.0, 6
506, 2532.159050114327, Server_04, 4.694143310325732, 6754.594027423101, 0.0, 6
507, 2537.352629159118, Server_04, 4.9999536060530145, 5852.362376722904, 0.0, 7
508, 2541.718288982839, Server_04, 4.694143310325732, 4435.683928085593, 0.0, 6
509, 2546.24548541313, Server_04, 4.694143310325732, 4318.285307574572, 0.0, 6
510, 2550.764060058082, Server_04, 4.694143310325732, 4376.636163881189, 0.0, 6
511, 2555.1163514471646, Server_04, 4.694143310325732, 4449.795249920956, 0.0, 6
512, 2559.231366923804, Server_04, 4.694143310325732, 4720.619040178244, 0.0, 6
513, 2567.875764190549, Server_04, 4.694143310325732, 5753.037089902421, 0.0, 6
514, 2570.850445395574, Server_04, 4.694143310325732, 6935.870574114792, 0.0, 6
515, 2574.7058976480607, Server_04, 4.9999536060530145, 7928.742567136163, 0.0, 7
516, 2580.7920857255094, Server_04, 4.9999536060530145, 5032.7102296629055, 0.0, 7
517, 2585.270079440101, Server_04, 4.694143310325732, 4349.103477058008, 0.0, 6
518, 2589.619404793446, Server_04, 4.694143310325732, 4498.503776752913, 0.0, 6
519, 2593.7654944569085, Server_04, 4.694143310325732, 4675.728712524144, 0.0, 6
520, 2602.826591142784, Server_04, 4.694143310325732, 4789.43229063393, 0.0, 6
521, 2606.6605961411074, Server_04, 4.694143310325732, 5068.993149282255, 0.0, 6
522, 2609.9517678139605, Server_04, 4.694143310325732, 5927.518283539659, 0.0, 6
523, 2612.387042521908, Server_04, 4.694143310325732, 8197.35474997731, 0.0, 6
524, 2624.0123405485897, Server_04, 4.9999536060530145, 4636.018182605035, 0.0, 7
525, 2628.471730264868, Server_04, 4.694143310325732, 4341.21202443992, 0.0, 6
526, 2633.0385073780562, Server_04, 4.694143310325732, 4284.571140945155, 0.0, 6
527, 2637.491538969158, Server_04, 4.694143310325732, 4347.493069767339, 0.0, 6
528, 2641.763540079616, Server_04, 4.694143310325732, 4540.279794185362, 0.0, 6
529, 2645.782627108709, Server_04, 4.694143310325732, 5037.897688089815, 0.0, 6
530, 2649.548930475661, Server_04, 4.694143310325732, 5391.406514122131, 0.0, 6
531, 2657.206312311147, Server_04, 4.694143310325732, 7351.365710662954, 0.0, 6
532, 2663.7012478583383, Server_04, 4.9999536060530145, 4749.948367445126, 0.0, 7
533, 2668.2524379055844, Server_04, 4.694143310325732, 4318.770973755975, 0.0, 6
534, 2672.698599899944, Server_04, 4.694143310325732, 4460.171411069607, 0.0, 6
535, 2677.114251363388, Server_04, 4.694143310325732, 4517.875109179819, 0.0, 6
536, 2681.3823687079407, Server_04, 4.694143310325732, 4538.465771878768, 0.0, 6
537, 2685.3636999436508, Server_04, 4.694143310325732, 4870.262831576695, 0.0, 6
538, 2689.1269834589284, Server_04, 4.694143310325732, 5156.909164091862, 0.0, 6
539, 2696.4198956498485, Server_04, 4.694143310325732, 8550.51939432188, 0.0, 6
540, 2701.696040933925, Server_04, 4.9999536060530145, 5749.76969614869, 0.0, 7
541, 2706.2286884021655, Server_04, 4.694143310325732, 4270.130184906617, 0.0, 6
542, 2710.566970453791, Server_04, 4.694143310325732, 4495.609786474119, 0.0, 6
543, 2715.016896430024, Server_04, 4.694143310325732, 4350.707609359436, 0.0, 6
544, 2719.2660589691986, Server_04, 4.694143310325732, 4561.232478837786, 0.0, 6
545, 2728.1562086592025, Server_04, 4.694143310325732, 5046.347873057047, 0.0, 6
546, 2731.234826692142, Server_04, 4.694143310325732, 6462.452199706352, 0.0, 6
547, 2734.9558848938505, Server_04, 4.9999536060530145, 8393.624766333696, 0.0, 7
548, 2739.6260015627336, Server_04, 4.9999536060530145, 6505.3743396044665, 0.0, 7
549, 2746.5280611845988, Server_04, 4.9999536060530145, 4393.088842790041, 0.0, 7
550, 2750.8947499889923, Server_04, 4.694143310325732, 4546.854901418667, 0.0, 6
551, 2755.3495972941787, Server_04, 4.694143310325732, 4345.697514354506, 0.0, 6
552, 2759.8540067634335, Server_04, 4.694143310325732, 4297.252003995893, 0.0, 6
553, 2764.155863728037, Server_04, 4.694143310325732, 4502.3793111062205, 0.0, 6
554, 2772.148128387043, Server_04, 4.694143310325732, 6675.42940058824, 0.0, 6
555, 2776.254060102607, Server_04, 4.9999536060530145, 7522.674399001718, 0.0, 7
556, 2782.73695925253, Server_04, 4.9999536060530145, 4941.466430153251, 0.0, 7
557, 2787.240478850072, Server_04, 4.694143310325732, 4298.112302051011, 0.0, 6
558, 2791.689803180506, Server_04, 4.694143310325732, 4351.16378260631, 0.0, 6
559, 2796.0315492081013, Server_04, 4.694143310325732, 4460.449060623381, 0.0, 6
560, 2800.427307652721, Server_04, 4.694143310325732, 4404.901959274964, 0.0, 6
561, 2804.4210232697706, Server_04, 4.694143310325732, 4854.935620129215, 0.0, 6
562, 2812.4011555814336, Server_04, 4.694143310325732, 6692.197881284312, 0.0, 6
563, 2818.8564251133844, Server_04, 4.9999536060530145, 4793.018037745512, 0.0, 7
564, 2823.348486979351, Server_04, 4.694143310325732, 4315.0030986275215, 0.0, 6
565, 2827.827385377642, Server_04, 4.694143310325732, 4322.276878313761, 0.0, 6
566, 2832.3340643047454, Server_04, 4.694143310325732, 4295.272009582869, 0.0, 6
567, 2836.780210206851, Server_04, 4.694143310325732, 4357.816553877705, 0.0, 6
568, 2840.8044633142094, Server_04, 4.694143310325732, 4894.679203671701, 0.0, 6
569, 2843.681191872809, Server_04, 4.694143310325732, 6805.772481267961, 0.0, 6
570, 2855.1682382050326, Server_04, 4.9999536060530145, 4850.41295673232, 0.0, 7
571, 2859.6556542039452, Server_04, 4.694143310325732, 4313.74045545468, 0.0, 6
572, 2864.0916278416903, Server_04, 4.694143310325732, 4364.434370274724, 0.0, 6
573, 2868.413309596041, Server_04, 4.694143310325732, 4486.0364171008505, 0.0, 6
574, 2872.7902637943494, Server_04, 4.694143310325732, 4424.082832975499, 0.0, 6
575, 2877.1857218663067, Server_04, 4.694143310325732, 4465.993244055199, 0.0, 6
576, 2881.317732885457, Server_04, 4.694143310325732, 4690.1090889629595, 0.0, 6
577, 2884.599581226967, Server_04, 4.694143310325732, 5927.14925522644, 0.0, 6
578, 2886.9588213755806, Server_04, 4.694143310325732, 8629.840133763113, 0.0, 6
579, 2898.7948257632934, Server_04, 4.9999536060530145, 4567.9173390662845, 0.0, 7
580, 2903.0112002163673, Server_04, 4.694143310325732, 4594.945563694219, 0.0, 6
581, 2907.8476724755615, Server_04, 4.694143310325732, 4285.067216301423, 0.0, 6
582, 2912.302766942009, Server_04, 4.694143310325732, 4345.453211842697, 0.0, 6
583, 2916.780062537628, Server_04, 4.694143310325732, 4323.620350725534, 0.0, 6
584, 2921.030595100424, Server_04, 4.694143310325732, 4557.503979629543, 0.0, 6
585, 2924.7689103706966, Server_04, 4.694143310325732, 5246.776306705691, 0.0, 6
586, 2927.4743018277086, Server_04, 4.694143310325732, 7218.023527351418, 0.0, 6
587, 2938.6782664962743, Server_04, 4.9999536060530145, 4966.301589576216, 0.0, 7
588, 2943.130943459938, Server_04, 4.694143310325732, 4347.843933223733, 0.0, 6
589, 2947.9189880380377, Server_04, 4.694143310325732, 4389.599381381265, 0.0, 6
590, 2952.3582558356748, Server_04, 4.694143310325732, 4361.15245874598, 0.0, 6
591, 2956.715761454068, Server_04, 4.694143310325732, 4444.097468178362, 0.0, 6
592, 2960.9860178853946, Server_04, 4.694143310325732, 4593.7247550175025, 0.0, 6
593, 2964.8612510444286, Server_04, 4.694143310325732, 5020.481595887584, 0.0, 6
594, 2968.012110176233, Server_04, 4.694143310325732, 6468.177248502265, 0.0, 6
595, 2979.0123008306914, Server_04, 4.9999536060530145, 5184.467905197244, 0.0, 7
596, 2983.4191966487306, Server_04, 4.694143310325732, 4393.61974216573, 0.0, 6
597, 2988.0829491148265, Server_04, 4.694143310325732, 4363.519508149456, 0.0, 6
598, 2992.5131647467097, Server_04, 4.694143310325732, 4546.544200577266, 0.0, 6
599, 2996.8562524270856, Server_04, 4.694143310325732, 4578.033094160727, 0.0, 6
600, 3001.0240723802826, Server_04, 4.694143310325732, 4727.712202134669, 0.0, 6
601, 3004.8795623790934, Server_04, 4.694143310325732, 5299.37029014982, 0.0, 6
602, 3008.283354568164, Server_04, 4.694143310325732, 6057.45486005878, 0.0, 6
603, 3019.9292957043517, Server_04, 4.9999536060530145, 4787.747789173087, 0.0, 7
604, 3024.1752750154856, Server_04, 4.694143310325732, 4562.459630519254, 0.0, 6
605, 3029.4646553871758, Server_04, 4.694143310325732, 4654.606405686362, 0.0, 6
606, 3033.596924113116, Server_04, 4.694143310325732, 4762.8597456185225, 0.0, 6
607, 3037.7216948806217, Server_04, 4.694143310325732, 4763.637703137928, 0.0, 6
608, 3041.1919727867516, Server_04, 4.694143310325732, 5614.702232211916, 0.0, 6
609, 3043.69935835533, Server_04, 4.694143310325732, 7910.827628157598, 0.0, 6
610, 3055.283542507128, Server_04, 4.9999536060530145, 4744.299155728409, 0.0, 7
611, 3059.4872498276654, Server_04, 4.694143310325732, 4610.220675576943, 0.0, 6
612, 3064.6306058997825, Server_04, 4.694143310325732, 4337.585114011364, 0.0, 6
613, 3068.94684622557, Server_04, 4.694143310325732, 4487.1693576303205, 0.0, 6
614, 3073.28615629946, Server_04, 4.694143310325732, 4462.987262844291, 0.0, 6
615, 3077.34558962167, Server_04, 4.694143310325732, 4775.189523271953, 0.0, 6
616, 3080.738228004984, Server_04, 4.694143310325732, 5868.349697946426, 0.0, 6
617, 3083.44118424481, Server_04, 4.694143310325732, 7684.101009928655, 0.0, 6
618, 3095.212224925099, Server_04, 4.9999536060530145, 4648.432999835762, 0.0, 7
619, 3099.6411111962348, Server_04, 4.694143310325732, 4371.5121576840775, 0.0, 6
620, 3104.1957483186766, Server_04, 4.694143310325732, 4350.455979249317, 0.0, 6
621, 3108.6802982838326, Server_04, 4.694143310325732, 4374.396136981268, 0.0, 6
622, 3113.0766920929354, Server_04, 4.694143310325732, 4462.25668297925, 0.0, 6
623, 3117.1611732255897, Server_04, 4.694143310325732, 4745.642405511829, 0.0, 6
624, 3121.2474380040967, Server_04, 4.694143310325732, 4922.303950009805, 0.0, 6
625, 3124.389899285913, Server_04, 4.694143310325732, 6195.044953926742, 0.0, 6
626, 3134.291435997069, Server_04, 4.9999536060530145, 6194.518138631723, 0.0, 7
627, 3141.283861474519, Server_04, 4.9999536060530145, 4326.581644659659, 0.0, 7
628, 3145.858023263367, Server_04, 4.694143310325732, 4445.652786199361, 0.0, 6
629, 3150.3098767494826, Server_04, 4.694143310325732, 4348.658888939583, 0.0, 6
630, 3154.672618474982, Server_04, 4.694143310325732, 4438.691170135402, 0.0, 6
631, 3158.664932626641, Server_04, 4.694143310325732, 4865.349779119877, 0.0, 6
632, 3162.2255183476345, Server_04, 4.694143310325732, 5567.697457445677, 0.0, 6
633, 3165.5799547942315, Server_04, 4.694143310325732, 6119.791849371021, 0.0, 6
634, 3170.761870202623, Server_04, 4.9999536060530145, 5963.977905737671, 0.0, 7
635, 3175.3191018216808, Server_04, 4.694143310325732, 4370.434465341067, 0.0, 6
636, 3179.4882076351582, Server_04, 4.694143310325732, 4647.784296818819, 0.0, 6
637, 3188.6739288269587, Server_04, 4.694143310325732, 4641.646398978168, 0.0, 6
638, 3192.408843210092, Server_04, 4.694143310325732, 5196.703053738294, 0.0, 6
639, 3195.408421535575, Server_04, 4.694143310325732, 6496.016156791116, 0.0, 6
640, 3199.6333542253715, Server_04, 4.9999536060530145, 7200.482104310736, 0.0, 7
641, 3206.1622394348346, Server_04, 4.9999536060530145, 4636.541360858121, 0.0, 7
642, 3210.348437596056, Server_04, 4.694143310325732, 4643.832856601582, 0.0, 6
643, 3214.6732304545894, Server_04, 4.694143310325732, 4478.173944297605, 0.0, 6
644, 3219.0589454371757, Server_04, 4.694143310325732, 4416.009300628622, 0.0, 6
645, 3227.3134791599527, Server_04, 4.694143310325732, 6007.299325460381, 0.0, 6
646, 3230.796400860158, Server_04, 4.9999536060530145, 8760.718409922869, 0.0, 7
647, 3235.425633268865, Server_04, 4.9999536060530145, 6568.354789514372, 0.0, 7
648, 3242.267330143146, Server_04, 4.9999536060530145, 4422.722733623011, 0.0, 7
649, 3246.513954180424, Server_04, 4.694143310325732, 4561.757271041223, 0.0, 6
650, 3250.9230514684627, Server_04, 4.694143310325732, 4429.241321275718, 0.0, 6
651, 3255.3630776211403, Server_04, 4.694143310325732, 4360.397622234265, 0.0, 6
652, 3259.6210791058716, Server_04, 4.694143310325732, 4550.437530110974, 0.0, 6
653, 3263.6805584668364, Server_04, 4.694143310325732, 4777.100754143046, 0.0, 6
654, 3271.0090944201615, Server_04, 4.694143310325732, 8416.33310124568, 0.0, 6
655, 3275.0235163958355, Server_04, 4.9999536060530145, 7650.03304078494, 0.0, 7
656, 3281.6163239724347, Server_04, 4.9999536060530145, 4591.183725526565, 0.0, 7
657, 3285.6776165972296, Server_04, 4.694143310325732, 4772.971416347511, 0.0, 6
658, 3290.484575310783, Server_04, 4.694143310325732, 4333.0406754369005, 0.0, 6
659, 3294.938045991169, Server_04, 4.694143310325732, 4349.469533274723, 0.0, 6
660, 3299.293228777109, Server_04, 4.694143310325732, 4476.669959231133, 0.0, 6
661, 3307.4102517601596, Server_04, 4.694143310325732, 6275.417870822242, 0.0, 6
662, 3311.5432037765086, Server_04, 4.9999536060530145, 7381.7562819449895, 0.0, 7
663, 3317.5157819008914, Server_04, 4.9999536060530145, 5123.887836831352, 0.0, 7
664, 3321.979697941665, Server_04, 4.694143310325732, 4336.7516205045995, 0.0, 6
665, 3326.3573276172037, Server_04, 4.694143310325732, 4423.3909347046665, 0.0, 6
666, 3330.8005170962724, Server_04, 4.694143310325732, 4357.251788874209, 0.0, 6
667, 3335.108560442515, Server_04, 4.694143310325732, 4495.824787622535, 0.0, 6
668, 3338.9298808676026, Server_04, 4.694143310325732, 5077.369186750143, 0.0, 6
669, 3347.19716115734, Server_04, 4.694143310325732, 5954.059239820726, 0.0, 6
670, 3351.436838483031, Server_04, 4.694143310325732, 4569.336369147806, 0.0, 6
671, 3355.752567771919, Server_04, 4.694143310325732, 4487.708002180224, 0.0, 6
672, 3360.2121910994133, Server_04, 4.694143310325732, 4340.981590954082, 0.0, 6
673, 3364.712271306184, Server_04, 4.694143310325732, 4301.4406304549175, 0.0, 6
674, 3369.1508099897674, Server_04, 4.694143310325732, 4361.878436402031, 0.0, 6
675, 3376.9112438403404, Server_04, 4.694143310325732, 7070.979250662858, 0.0, 6
676, 3380.3849515793995, Server_04, 4.9999536060530145, 8826.848208262061, 0.0, 7
677, 3385.208233765622, Server_04, 4.9999536060530145, 6450.097285240107, 0.0, 7
678, 3392.2424078347003, Server_04, 4.9999536060530145, 4309.1260327209775, 0.0, 7
679, 3396.609119581802, Server_04, 4.694143310325732, 4477.091576946925, 0.0, 6
680, 3401.101513049462, Server_04, 4.694143310325732, 4308.897820786984, 0.0, 6
681, 3405.5588750520874, Server_04, 4.694143310325732, 4343.2131840440115, 0.0, 6
682, 3409.89846013898, Server_04, 4.694143310325732, 4462.70056159781, 0.0, 6
683, 3413.762630927648, Server_04, 4.694143310325732, 5036.586149888061, 0.0, 6
684, 3420.9974215462044, Server_04, 4.694143310325732, 8778.880397090415, 0.0, 6
685, 3426.1628243089203, Server_04, 4.9999536060530145, 6036.580884165045, 0.0, 7
686, 3433.082521554594, Server_04, 4.9999536060530145, 4372.443421426059, 0.0, 7
687, 3437.4992442472712, Server_04, 4.694143310325732, 4383.71295234274, 0.0, 6
688, 3441.933992428927, Server_04, 4.694143310325732, 4365.656530776267, 0.0, 6
689, 3446.293560761781, Server_04, 4.694143310325732, 4441.966137236009, 0.0, 6
690, 3450.387373780337, Server_04, 4.694143310325732, 4734.505840044889, 0.0, 6
691, 3453.797572357169, Server_04, 4.694143310325732, 5700.171441362723, 0.0, 6
692, 3461.162962057318, Server_04, 4.694143310325732, 8281.87523796649, 0.0, 6
693, 3466.620191632964, Server_04, 4.9999536060530145, 5556.909202536399, 0.0, 7
694, 3471.163850771014, Server_04, 4.694143310325732, 4259.6463349551095, 0.0, 6
695, 3475.64047397722, Server_04, 4.694143310325732, 4324.278364552819, 0.0, 6
696, 3480.157446204287, Server_04, 4.694143310325732, 4285.1433985539, 0.0, 6
697, 3484.652524458203, Server_04, 4.694143310325732, 4306.290273635773, 0.0, 6
698, 3488.8035639057753, Server_04, 4.694143310325732, 4668.301996434735, 0.0, 6
699, 3497.0415848216408, Server_04, 4.694143310325732, 6264.163427388366, 0.0, 6
700, 3502.778286710982, Server_04, 4.9999536060530145, 5334.978173386506, 0.0, 7
701, 3507.376583555994, Server_04, 4.694143310325732, 4348.3554623143345, 0.0, 6
702, 3511.78375427538, Server_04, 4.694143310325732, 4558.56382937126, 0.0, 6
703, 3515.9055619710703, Server_04, 4.694143310325732, 4824.915230542329, 0.0, 6
704, 3519.157936468552, Server_04, 4.694143310325732, 5981.847188480773, 0.0, 6
705, 3527.9409035983144, Server_04, 4.694143310325732, 5171.079424368645, 0.0, 6
706, 3532.389977971727, Server_04, 4.694143310325732, 4351.411498506683, 0.0, 6
707, 3536.956744135225, Server_04, 4.694143310325732, 4347.588218975928, 0.0, 6
708, 3541.478121867723, Server_04, 4.694143310325732, 4336.65640369681, 0.0, 6
709, 3545.996051841834, Server_04, 4.694143310325732, 4284.223073566136, 0.0, 6
710, 3550.3187297433183, Server_04, 4.694143310325732, 4480.395063049871, 0.0, 6
711, 3553.933695333927, Server_04, 4.694143310325732, 5385.694721474966, 0.0, 6
712, 3561.695954994396, Server_04, 4.694143310325732, 7066.204240904115, 0.0, 6
713, 3567.8017022607864, Server_04, 4.9999536060530145, 4997.935639845813, 0.0, 7
714, 3572.3097165884583, Server_04, 4.694143310325732, 4293.7704685776525, 0.0, 6
715, 3576.7637340464134, Server_04, 4.694143310325732, 4373.553924520019, 0.0, 6
716, 3580.998652917356, Server_04, 4.694143310325732, 4583.441748850812, 0.0, 6
717, 3585.0736632213434, Server_04, 4.694143310325732, 4877.949155703522, 0.0, 6
718, 3588.669550665778, Server_04, 4.694143310325732, 5435.7251565146025, 0.0, 6
719, 3595.9043412843344, Server_04, 4.694143310325732, 8778.880397090415, 0.0, 6
