0, 25.10364630699817, Server_05, 4.9999536060530145, 8713.90982283051, 0.0, 7
1, 28.604642131740434, Server_05, 4.9999536060530145, 8568.990510638077, 0.0, 7
2, 32.0470929564827, Server_05, 4.9999536060530145, 8714.721437522952, 0.0, 7
3, 35.489543781224974, Server_05, 4.9999536060530145, 8714.721437522936, 0.0, 7
4, 38.93199460596725, Server_05, 4.9999536060530145, 8714.721437522936, 0.0, 7
5, 42.37444543070952, Server_05, 4.9999536060530145, 8714.721437522936, 0.0, 7
6, 45.816896255451795, Server_05, 4.9999536060530145, 8714.721437522936, 0.0, 7
7, 49.25934708019407, Server_05, 4.9999536060530145, 8714.721437522936, 0.0, 7
8, 52.70179790493634, Server_05, 4.9999536060530145, 8714.721437522936, 0.0, 7
9, 56.144248729678615, Server_05, 4.9999536060530145, 8714.721437522936, 0.0, 7
10, 59.604192062313366, Server_05, 4.9999536060530145, 8670.662238030056, 0.0, 7
11, 63.04664288705564, Server_05, 4.9999536060530145, 8714.721437522936, 0.0, 7
12, 66.48909371179788, Server_05, 4.9999536060530145, 8714.721437523025, 0.0, 7
13, 69.97618136971032, Server_05, 4.9999536060530145, 8603.167727065293, 0.0, 7
14, 73.57350174758531, Server_05, 4.9999536060530145, 8339.54078277609, 0.0, 7
15, 77.37762579855699, Server_05, 4.9999536060530145, 7886.178157712065, 0.0, 7
16, 80.98158749584445, Server_05, 4.9999536060530145, 8324.172818645562, 0.0, 7
17, 84.4240383205867, Server_05, 4.9999536060530145, 8714.721437522989, 0.0, 7
18, 94.26777779275616, Server_05, 4.9999536060530145, 6193.561848726623, 0.0, 7
19, 99.56516166876804, Server_05, 4.9999536060530145, 5663.17274756109, 0.0, 7
20, 102.81045737520888, Server_05, 4.694143310325732, 5886.982798542171, 0.0, 6
21, 106.10018238944257, Server_05, 4.694143310325732, 5807.476283682749, 0.0, 6
22, 108.781920588082, Server_05, 4.694143310325732, 7124.11077624684, 0.0, 6
23, 119.39462255109245, Server_05, 4.9999536060530145, 5345.019243442793, 0.0, 7
24, 122.93473360723888, Server_05, 4.694143310325732, 5396.723350480607, 0.0, 6
25, 126.5391708193356, Server_05, 4.694143310325732, 5300.411375146846, 0.0, 6
26, 129.65538725341767, Server_05, 4.694143310325732, 6130.83218195261, 0.0, 6
27, 140.20740629400225, Server_05, 4.9999536060530145, 5403.439682159527, 0.0, 7
28, 143.91626644589937, Server_05, 4.694143310325732, 5151.178318284024, 0.0, 6
29, 147.59137212509017, Server_05, 4.694143310325732, 5198.4899667447335, 0.0, 6
30, 150.66542943930486, Server_05, 4.694143310325732, 6214.913401795396, 0.0, 6
31, 155.46259486722272, Server_05, 4.9999536060530145, 6253.6930299318565, 0.0, 7
32, 161.17736126686094, Server_05, 4.9999536060530145, 5249.558407479119, 0.0, 7
33, 165.10785571763597, Server_05, 4.694143310325732, 4860.711607475443, 0.0, 6
34, 168.35415890397343, Server_05, 4.694143310325732, 5885.155792104138, 0.0, 6
35, 176.90430928605267, Server_05, 4.694143310325732, 5381.4621759235615, 0.0, 6
36, 180.93528152032775, Server_05, 4.694143310325732, 4739.55137610512, 0.0, 6
37, 185.04701509044534, Server_05, 4.694143310325732, 4646.458646748751, 0.0, 6
38, 192.6597035433886, Server_05, 4.694143310325732, 7312.391180233462, 0.0, 6
39, 197.18440498168627, Server_05, 4.9999536060530145, 6630.2717226988625, 0.0, 7
40, 203.28335506611396, Server_05, 4.9999536060530145, 4918.879411162643, 0.0, 7
41, 207.21673555879408, Server_05, 4.694143310325732, 4857.145154289974, 0.0, 6
42, 211.41221937711504, Server_05, 4.694143310325732, 4553.706038996449, 0.0, 6
43, 214.7944145615601, Server_05, 4.694143310325732, 5648.698244224675, 0.0, 6
44, 223.16502254633218, Server_05, 4.694143310325732, 5668.116875742785, 0.0, 6
45, 227.24528245146902, Server_05, 4.694143310325732, 4682.299766234932, 0.0, 6
46, 231.64453668717206, Server_05, 4.694143310325732, 4342.781520774475, 0.0, 6
47, 235.86403595812902, Server_05, 4.694143310325732, 4527.788434874428, 0.0, 6
48, 239.94797330353896, Server_05, 4.694143310325732, 4678.083521891614, 0.0, 6
49, 247.5763412625929, Server_05, 4.694143310325732, 7268.769174494368, 0.0, 6
50, 251.97514278503786, Server_05, 4.9999536060530145, 6820.039469142792, 0.0, 7
51, 258.37771182948705, Server_05, 4.9999536060530145, 4685.619130653337, 0.0, 7
52, 262.7606542251887, Server_05, 4.694143310325732, 4358.943895483595, 0.0, 6
53, 267.2022494480312, Server_05, 4.694143310325732, 4301.38250819116, 0.0, 6
54, 271.62248370169317, Server_05, 4.694143310325732, 4322.1691212795495, 0.0, 6
55, 275.54255867701147, Server_05, 4.694143310325732, 4873.631274985683, 0.0, 6
56, 279.17625974613725, Server_05, 4.694143310325732, 5257.724737548767, 0.0, 6
57, 287.7194291482399, Server_05, 4.694143310325732, 5392.065078418881, 0.0, 6
58, 291.92670038817676, Server_05, 4.694143310325732, 4540.94801843266, 0.0, 6
59, 296.23271453167627, Server_05, 4.694143310325732, 4436.817753801735, 0.0, 6
60, 300.31386815826863, Server_05, 4.694143310325732, 4681.274401314821, 0.0, 6
61, 304.163210001629, Server_05, 4.694143310325732, 4963.1861178953695, 0.0, 6
62, 311.9374439497793, Server_05, 4.694143310325732, 6886.585759192386, 0.0, 6
63, 317.7613053725, Server_05, 4.9999536060530145, 5151.221470167693, 0.0, 7
64, 322.260158224934, Server_05, 4.694143310325732, 4246.638115683994, 0.0, 6
65, 326.74253545996, Server_05, 4.694143310325732, 4262.247240306018, 0.0, 6
66, 331.2544987642764, Server_05, 4.694143310325732, 4234.298621560838, 0.0, 6
67, 335.69925680992924, Server_05, 4.694143310325732, 4298.321709251508, 0.0, 6
68, 340.110018728153, Server_05, 4.694143310325732, 4331.451199182747, 0.0, 6
69, 344.3176329896102, Server_05, 4.694143310325732, 4540.577822213078, 0.0, 6
70, 352.16245211815226, Server_05, 4.694143310325732, 6715.716935505574, 0.0, 6
71, 357.89349536698967, Server_05, 4.9999536060530145, 5234.649032893924, 0.0, 7
72, 362.1820304692121, Server_05, 4.694143310325732, 4454.901159628887, 0.0, 6
73, 366.68118545715754, Server_05, 4.694143310325732, 4246.352937648961, 0.0, 6
74, 371.200569358032, Server_05, 4.694143310325732, 4227.346120408882, 0.0, 6
75, 375.6875835309789, Server_05, 4.694143310325732, 4257.842579412363, 0.0, 6
76, 379.6832486778677, Server_05, 4.694143310325732, 4781.43170102126, 0.0, 6
77, 387.3821785900557, Server_05, 4.694143310325732, 7078.731431196, 0.0, 6
78, 393.0482138902339, Server_05, 4.9999536060530145, 5294.707570751684, 0.0, 7
79, 397.4647080816616, Server_05, 4.694143310325732, 4325.82930530787, 0.0, 6
80, 402.1875378594268, Server_05, 4.694143310325732, 4045.2442495271075, 0.0, 6
81, 406.85784131417057, Server_05, 4.694143310325732, 4090.7406092840733, 0.0, 6
82, 411.1633636611199, Server_05, 4.694143310325732, 4437.324547516719, 0.0, 6
83, 415.25908450453215, Server_05, 4.694143310325732, 4664.624550945484, 0.0, 6
84, 418.8446562396334, Server_05, 4.694143310325732, 5328.299476752878, 0.0, 6
85, 426.5209940394044, Server_05, 4.694143310325732, 7138.48603178376, 0.0, 6
86, 432.89913169230516, Server_05, 4.9999536060530145, 4703.567347179482, 0.0, 7
87, 437.2941893075593, Server_05, 4.694143310325732, 4346.9282253983165, 0.0, 6
88, 441.6717927493724, Server_05, 4.694143310325732, 4364.260092066979, 0.0, 6
89, 445.9797291320177, Server_05, 4.694143310325732, 4434.838006653297, 0.0, 6
90, 450.1862947223286, Server_05, 4.694143310325732, 4541.709760571682, 0.0, 6
91, 454.0995918289222, Server_05, 4.694143310325732, 4882.072451848772, 0.0, 6
92, 461.62546205707446, Server_05, 4.694143310325732, 7563.729833411048, 0.0, 6
93, 465.23889158399317, Server_05, 4.9999536060530145, 8302.362001669368, 0.0, 7
94, 470.8477827472036, Server_05, 4.9999536060530145, 5348.650763055359, 0.0, 7
95, 475.358421159686, Server_05, 4.694143310325732, 4235.542345210029, 0.0, 6
96, 479.7953737583958, Server_05, 4.694143310325732, 4305.883277985754, 0.0, 6
97, 489.1949459731147, Server_05, 4.694143310325732, 4342.4676463051255, 0.0, 6
98, 493.5369611014275, Server_05, 4.694143310325732, 4400.030731220386, 0.0, 6
99, 497.41639068613006, Server_05, 4.694143310325732, 4924.693072232882, 0.0, 6
100, 500.5662469310337, Server_05, 4.694143310325732, 6065.356166939801, 0.0, 6
101, 504.1494637918585, Server_05, 4.9999536060530145, 8372.36515824333, 0.0, 7
102, 516.0886956249199, Server_05, 4.9999536060530145, 4323.24509711114, 0.0, 7
103, 520.3196529501947, Server_05, 4.694143310325732, 4515.526518282449, 0.0, 6
104, 524.7390910105157, Server_05, 4.694143310325732, 4322.947790926238, 0.0, 6
105, 528.9732556220628, Server_05, 4.694143310325732, 4512.106106573777, 0.0, 6
106, 533.0135780543883, Server_05, 4.694143310325732, 4728.583007916912, 0.0, 6
107, 536.9436659207696, Server_05, 4.694143310325732, 4861.214468874257, 0.0, 6
108, 539.9996634980519, Server_05, 4.694143310325732, 6251.641081793777, 0.0, 6
109, 550.3903706420413, Server_05, 4.9999536060530145, 5565.132588115044, 0.0, 7
110, 554.938750915455, Server_05, 4.694143310325732, 4200.3963722367025, 0.0, 6
111, 559.1537861267432, Server_05, 4.694143310325732, 4532.58372524039, 0.0, 6
112, 563.6607584457761, Server_05, 4.694143310325732, 4238.987650161445, 0.0, 6
113, 568.0300565073406, Server_05, 4.694143310325732, 4372.5558958911715, 0.0, 6
114, 572.3894264079693, Server_05, 4.694143310325732, 4382.514087011762, 0.0, 6
115, 576.3267904774425, Server_05, 4.694143310325732, 4852.231000969132, 0.0, 6
116, 579.5170560612341, Server_05, 4.694143310325732, 5988.529637489815, 0.0, 6
117, 587.945032719723, Server_05, 4.694143310325732, 5573.25848549442, 0.0, 6
118, 592.326111991293, Server_05, 4.694143310325732, 4360.7976061920335, 0.0, 6
119, 596.8159772749143, Server_05, 4.694143310325732, 4255.138805543625, 0.0, 6
120, 601.1654956714181, Server_05, 4.694143310325732, 4392.440325199464, 0.0, 6
121, 605.4036169772185, Server_05, 4.694143310325732, 4507.8936211317005, 0.0, 6
122, 609.3563100817244, Server_05, 4.694143310325732, 4833.4134461947315, 0.0, 6
123, 617.3039487262487, Server_05, 4.694143310325732, 6481.459332028508, 0.0, 6
124, 622.4347562729449, Server_05, 4.9999536060530145, 5847.03279687759, 0.0, 7
125, 626.94227553902, Server_05, 4.694143310325732, 4238.473287022849, 0.0, 6
126, 631.1138267735898, Server_05, 4.694143310325732, 4579.831080983961, 0.0, 6
127, 635.6291566029624, Server_05, 4.694143310325732, 4231.141626846472, 0.0, 6
128, 639.6183828131125, Server_05, 4.694143310325732, 4789.149322089071, 0.0, 6
129, 647.2028856009669, Server_05, 4.694143310325732, 7392.13750891743, 0.0, 6
130, 651.9310487348591, Server_05, 4.9999536060530145, 6344.958739886718, 0.0, 7
131, 658.9050772498522, Server_05, 4.9999536060530145, 4301.674410350456, 0.0, 7
132, 663.326753740446, Server_05, 4.694143310325732, 4320.759341087496, 0.0, 6
133, 667.8213775453376, Server_05, 4.694143310325732, 4250.633830401464, 0.0, 6
134, 672.2139138974527, Server_05, 4.694143310325732, 4349.42331002004, 0.0, 6
135, 676.2725096271752, Server_05, 4.694143310325732, 4707.293180271103, 0.0, 6
136, 679.8333069747927, Server_05, 4.694143310325732, 5365.371329762146, 0.0, 6
137, 687.8996993613414, Server_05, 4.694143310325732, 6230.448550488013, 0.0, 6
138, 694.2454430188492, Server_05, 4.9999536060530145, 4727.578298014971, 0.0, 7
139, 698.6437174243797, Server_05, 4.694143310325732, 4343.748988461664, 0.0, 6
140, 703.057962306476, Server_05, 4.694143310325732, 4328.033561864145, 0.0, 6
141, 707.3992704093162, Server_05, 4.694143310325732, 4400.747320260768, 0.0, 6
142, 711.4239401675981, Server_05, 4.694143310325732, 4746.973328851648, 0.0, 6
143, 715.0939541326469, Server_05, 4.694143310325732, 5205.702262156314, 0.0, 6
144, 722.5343885424131, Server_05, 4.694143310325732, 7828.524267460278, 0.0, 6
145, 727.0340830508594, Server_05, 4.9999536060530145, 6667.119277472643, 0.0, 7
146, 733.8963055667487, Server_05, 4.9999536060530145, 4371.761470942689, 0.0, 7
147, 738.3611069361336, Server_05, 4.694143310325732, 4279.0257436764, 0.0, 6
148, 742.9568608159293, Server_05, 4.694143310325732, 4157.0981605414945, 0.0, 6
149, 747.093311810868, Server_05, 4.694143310325732, 4618.693663572082, 0.0, 6
150, 750.4112304013884, Server_05, 4.694143310325732, 5758.12801874802, 0.0, 6
151, 753.0236139216905, Server_05, 4.694143310325732, 7313.2447251811745, 0.0, 6
152, 765.0139320184129, Server_05, 4.9999536060530145, 4291.650191722522, 0.0, 7
153, 769.5105314533749, Server_05, 4.694143310325732, 4248.766268005658, 0.0, 6
154, 773.9971749255529, Server_05, 4.694143310325732, 4258.194375922998, 0.0, 6
155, 778.4108858649874, Server_05, 4.694143310325732, 4328.557139822065, 0.0, 6
156, 782.3388365711663, Server_05, 4.694143310325732, 4863.859408914377, 0.0, 6
157, 785.4645760144351, Server_05, 4.694143310325732, 6112.153730901063, 0.0, 6
158, 789.1195170031144, Server_05, 4.9999536060530145, 8208.066858786793, 0.0, 7
159, 801.0063027526797, Server_05, 4.9999536060530145, 4356.168623641812, 0.0, 7
160, 805.3948801363232, Server_05, 4.694143310325732, 4353.346957309157, 0.0, 6
161, 809.912811639374, Server_05, 4.694143310325732, 4228.70510256718, 0.0, 6
162, 814.323353164115, Server_05, 4.694143310325732, 4331.667640544859, 0.0, 6
163, 818.1503350708441, Server_05, 4.694143310325732, 4992.184563613209, 0.0, 6
164, 821.7204503673732, Server_05, 4.694143310325732, 5351.367788758491, 0.0, 6
165, 824.7761027215706, Server_05, 4.694143310325732, 6252.347382959498, 0.0, 6
166, 835.6833771208322, Server_05, 4.9999536060530145, 5078.484250494595, 0.0, 7
167, 840.2182113801956, Server_05, 4.694143310325732, 4212.943386090156, 0.0, 6
168, 844.6823612318625, Server_05, 4.694143310325732, 4279.650243565703, 0.0, 6
169, 849.1331366326225, Server_05, 4.694143310325732, 4292.5104683417, 0.0, 6
170, 853.468163507438, Server_05, 4.694143310325732, 4407.123773785832, 0.0, 6
171, 857.5917183021645, Server_05, 4.694143310325732, 4633.138384491195, 0.0, 6
172, 860.8841010729798, Server_05, 4.694143310325732, 5802.788232690571, 0.0, 6
173, 863.566378137437, Server_05, 4.694143310325732, 7122.679552071484, 0.0, 6
174, 875.4623217298564, Server_05, 4.9999536060530145, 4350.383612908122, 0.0, 7
175, 879.6170159915728, Server_05, 4.694143310325732, 4598.412974943531, 0.0, 6
176, 883.7564089760475, Server_05, 4.694143310325732, 4615.411020807993, 0.0, 6
177, 888.0522538283748, Server_05, 4.694143310325732, 4447.3207615144465, 0.0, 6
178, 891.2154082693418, Server_05, 4.694143310325732, 6039.856844346655, 0.0, 6
179, 894.8048357544045, Server_05, 4.9999536060530145, 8357.878833001583, 0.0, 7
180, 906.5988932689795, Server_05, 4.9999536060530145, 4415.623496804712, 0.0, 7
181, 910.9783121163349, Server_05, 4.694143310325732, 4362.450970300993, 0.0, 6
182, 915.2893914480293, Server_05, 4.694143310325732, 4431.60483258637, 0.0, 6
183, 919.542656083135, Server_05, 4.694143310325732, 4491.8437104314735, 0.0, 6
184, 923.4202987306035, Server_05, 4.694143310325732, 4926.9625225709, 0.0, 6
185, 927.078960717816, Server_05, 4.694143310325732, 5221.854346417947, 0.0, 6
186, 929.8489894397242, Server_05, 4.694143310325732, 6897.040398497901, 0.0, 6
187, 940.3437419105691, Server_05, 4.9999536060530145, 5459.754585703303, 0.0, 7
188, 944.8903171228137, Server_05, 4.694143310325732, 4202.063995014799, 0.0, 6
189, 949.3133018131294, Server_05, 4.694143310325732, 4319.481376870019, 0.0, 6
190, 953.8312123967188, Server_05, 4.694143310325732, 4228.724682908975, 0.0, 6
191, 958.2129306521158, Server_05, 4.694143310325732, 4360.161673213057, 0.0, 6
192, 962.0779967505655, Server_05, 4.694143310325732, 4942.994379232786, 0.0, 6
193, 965.6998105865512, Server_05, 4.694143310325732, 5274.981229067113, 0.0, 6
194, 969.1983332582964, Server_05, 4.694143310325732, 5460.876430584723, 0.0, 6
195, 976.4331238768531, Server_05, 4.694143310325732, 8548.899320303708, 0.0, 6
196, 980.3848575703033, Server_05, 4.9999536060530145, 7591.604679668346, 0.0, 7
197, 987.2031828614244, Server_05, 4.9999536060530145, 4399.907414078155, 0.0, 7
198, 991.6745113784676, Server_05, 4.694143310325732, 4272.779315404325, 0.0, 6
199, 996.1801040148803, Server_05, 4.694143310325732, 4240.285694183711, 0.0, 6
200, 1000.4397910002748, Server_05, 4.694143310325732, 4485.0713363462155, 0.0, 6
201, 1004.4577898889883, Server_05, 4.694143310325732, 4754.854475860069, 0.0, 6
202, 1012.728589863742, Server_05, 4.694143310325732, 5841.078680281798, 0.0, 6
203, 1015.4447729415767, Server_05, 4.694143310325732, 7033.767405409808, 0.0, 6
204, 1018.8886127694383, Server_05, 4.9999536060530145, 8711.206530946145, 0.0, 7
205, 1030.7723539795224, Server_05, 4.9999536060530145, 4358.095268900033, 0.0, 7
206, 1034.9723275526428, Server_05, 4.694143310325732, 4548.838145618613, 0.0, 6
207, 1039.3332118818507, Server_05, 4.694143310325732, 4380.992146946052, 0.0, 6
208, 1043.4028261739422, Server_05, 4.694143310325732, 4694.548089514731, 0.0, 6
209, 1046.4763317225054, Server_05, 4.694143310325732, 6216.029123139676, 0.0, 6
210, 1051.0389494482754, Server_05, 4.9999536060530145, 6575.17280717116, 0.0, 7
211, 1057.472824662637, Server_05, 4.9999536060530145, 4662.8196849441465, 0.0, 7
212, 1061.7280482925003, Server_05, 4.694143310325732, 4489.77578191686, 0.0, 6
213, 1066.0872115754769, Server_05, 4.694143310325732, 4382.721811456047, 0.0, 6
214, 1070.3688683433588, Server_05, 4.694143310325732, 4462.057805126426, 0.0, 6
215, 1074.1402273469666, Server_05, 4.694143310325732, 5065.813141025156, 0.0, 6
216, 1081.6758553823217, Server_05, 4.694143310325732, 7534.62248153619, 0.0, 6
217, 1088.0804973135064, Server_05, 4.9999536060530145, 4684.10261218944, 0.0, 7
218, 1092.3885476295957, Server_05, 4.694143310325732, 4434.720720101267, 0.0, 6
219, 1096.6966023952727, Server_05, 4.694143310325732, 4434.716139686164, 0.0, 6
220, 1101.175644730711, Server_05, 4.694143310325732, 4265.420723720616, 0.0, 6
221, 1105.5224164934891, Server_05, 4.694143310325732, 4395.215815929856, 0.0, 6
222, 1109.2079838421944, Server_05, 4.694143310325732, 5183.733789781802, 0.0, 6
223, 1116.900928024214, Server_05, 4.694143310325732, 7094.46565122349, 0.0, 6
224, 1122.5618696663307, Server_05, 4.9999536060530145, 5299.471695098106, 0.0, 7
225, 1127.0189710607315, Server_05, 4.694143310325732, 4286.418079696531, 0.0, 6
226, 1131.4455039822094, Server_05, 4.694143310325732, 4316.018956348626, 0.0, 6
227, 1135.6366808496323, Server_05, 4.694143310325732, 4558.385533309048, 0.0, 6
228, 1139.761237787781, Server_05, 4.694143310325732, 4632.012671056716, 0.0, 6
229, 1147.8596799648762, Server_05, 4.694143310325732, 6166.001786714329, 0.0, 6
230, 1153.1660344846555, Server_05, 4.9999536060530145, 5653.59888567116, 0.0, 7
231, 1156.9471708126043, Server_05, 4.694143310325732, 5052.713878307559, 0.0, 6
232, 1161.0095545225845, Server_05, 4.694143310325732, 4702.9038525002525, 0.0, 6
233, 1164.7045280867972, Server_05, 4.694143310325732, 5170.537669075577, 0.0, 6
234, 1172.1284936894924, Server_05, 4.694143310325732, 7881.712503987978, 0.0, 6
235, 1178.2728209683146, Server_05, 4.9999536060530145, 4882.552416014987, 0.0, 7
236, 1182.7264997393372, Server_05, 4.694143310325732, 4289.712164313377, 0.0, 6
237, 1187.2714723004576, Server_05, 4.694143310325732, 4203.545729501684, 0.0, 6
238, 1191.7127794229962, Server_05, 4.694143310325732, 4301.6615318149925, 0.0, 6
239, 1195.673075097234, Server_05, 4.694143310325732, 4824.134754452837, 0.0, 6
240, 1199.517107329301, Server_05, 4.694143310325732, 4970.041572655196, 0.0, 6
241, 1207.0109882198765, Server_05, 4.694143310325732, 7660.7507889409, 0.0, 6
242, 1210.944844436309, Server_05, 4.9999536060530145, 7626.104857285729, 0.0, 7
243, 1217.1152047904322, Server_05, 4.9999536060530145, 4861.952670228276, 0.0, 7
244, 1221.6559640033158, Server_05, 4.694143310325732, 4207.446178998659, 0.0, 6
245, 1226.2239152487712, Server_05, 4.694143310325732, 4182.400155651314, 0.0, 6
246, 1230.5324216877545, Server_05, 4.694143310325732, 4434.251235448524, 0.0, 6
247, 1234.6469410949765, Server_05, 4.694143310325732, 4643.312647029064, 0.0, 6
248, 1243.0258280558573, Server_05, 4.694143310325732, 5654.228810015959, 0.0, 6
249, 1245.7475924685602, Server_05, 4.694143310325732, 7019.343742916913, 0.0, 6
250, 1249.5304694717927, Server_05, 4.9999536060530145, 7930.471959401589, 0.0, 7
251, 1261.579850760599, Server_05, 4.9999536060530145, 4255.692630449328, 0.0, 7
252, 1266.0343059925644, Server_05, 4.694143310325732, 4288.964419914008, 0.0, 6
253, 1270.5178252173716, Server_05, 4.694143310325732, 4261.16161034674, 0.0, 6
254, 1275.0353989760179, Server_05, 4.694143310325732, 4229.039971607499, 0.0, 6
255, 1279.1858330274224, Server_05, 4.694143310325732, 4603.133012927815, 0.0, 6
256, 1282.5455360575722, Server_05, 4.694143310325732, 5686.514500999806, 0.0, 6
257, 1285.4002166971716, Server_05, 4.694143310325732, 6692.517451858098, 0.0, 6
258, 1289.3404923159455, Server_05, 4.9999536060530145, 7613.680590530524, 0.0, 7
259, 1301.3651458880909, Server_05, 4.9999536060530145, 4270.673235610965, 0.0, 7
260, 1305.9372403358668, Server_05, 4.694143310325732, 4178.610091769523, 0.0, 6
261, 1310.4552349967278, Server_05, 4.694143310325732, 4228.645988784623, 0.0, 6
262, 1314.9357213284452, Server_05, 4.694143310325732, 4264.04603999245, 0.0, 6
263, 1319.2600860544972, Server_05, 4.694143310325732, 4417.989973163625, 0.0, 6
264, 1323.2658930819293, Server_05, 4.694143310325732, 4769.326098128784, 0.0, 6
265, 1325.9203120532186, Server_05, 4.694143310325732, 7197.431982909856, 0.0, 6
266, 1329.4788452432172, Server_05, 4.9999536060530145, 8430.439846484065, 0.0, 7
267, 1341.4130458103741, Server_05, 4.9999536060530145, 4326.381925277959, 0.0, 7
268, 1346.0266806714644, Server_05, 4.694143310325732, 4140.986570290711, 0.0, 6
269, 1350.5284677368168, Server_05, 4.694143310325732, 4243.870205910037, 0.0, 6
270, 1354.9081974813994, Server_05, 4.694143310325732, 4362.1412996158915, 0.0, 6
271, 1359.1343237325364, Server_05, 4.694143310325732, 4520.688418823288, 0.0, 6
272, 1363.1021340823245, Server_05, 4.694143310325732, 4814.998277581534, 0.0, 6
273, 1366.2594417792488, Server_05, 4.694143310325732, 6051.04153092548, 0.0, 6
274, 1370.0526470953926, Server_05, 4.9999536060530145, 7908.878507662462, 0.0, 7
275, 1381.9941861386671, Server_05, 4.9999536060530145, 4321.8081484488575, 0.0, 7
276, 1386.4202304251558, Server_05, 4.694143310325732, 4316.495444548957, 0.0, 6
277, 1390.8482996134192, Server_05, 4.694143310325732, 4314.521564079843, 0.0, 6
278, 1395.2865644290741, Server_05, 4.694143310325732, 4304.610200953182, 0.0, 6
279, 1399.393241574882, Server_05, 4.694143310325732, 4652.179687293501, 0.0, 6
280, 1403.0791117960246, Server_05, 4.694143310325732, 5183.307836074042, 0.0, 6
281, 1406.0487284977048, Server_05, 4.694143310325732, 6433.490217505214, 0.0, 6
282, 1410.7161662017913, Server_05, 4.9999536060530145, 6427.509460647719, 0.0, 7
283, 1417.2113766015646, Server_05, 4.9999536060530145, 4618.78802279407, 0.0, 7
284, 1421.7070978392246, Server_05, 4.694143310325732, 4249.596224952725, 0.0, 6
285, 1426.2119385826988, Server_05, 4.694143310325732, 4240.993430827879, 0.0, 6
286, 1430.7295921585844, Server_05, 4.694143310325732, 4228.965253550898, 0.0, 6
287, 1435.132698807697, Server_05, 4.694143310325732, 4338.981887674899, 0.0, 6
288, 1438.9147140993698, Server_05, 4.694143310325732, 5051.539596379911, 0.0, 6
289, 1446.332101732425, Server_05, 4.694143310325732, 7903.159484544458, 0.0, 6
290, 1452.3891512756254, Server_05, 4.9999536060530145, 4952.906491193774, 0.0, 7
291, 1456.8499913561363, Server_05, 4.694143310325732, 4282.825578856384, 0.0, 6
292, 1461.3106259904253, Server_05, 4.694143310325732, 4283.02283561622, 0.0, 6
293, 1465.6159019955044, Server_05, 4.694143310325732, 4437.578445019784, 0.0, 6
294, 1469.6281262548848, Server_05, 4.694143310325732, 4761.69794231545, 0.0, 6
295, 1478.1105845183213, Server_05, 4.694143310325732, 5486.0671843766395, 0.0, 6
296, 1480.7007668802917, Server_05, 4.694143310325732, 7375.928537119113, 0.0, 6
297, 1484.5344006361877, Server_05, 4.9999536060530145, 7825.473665516659, 0.0, 7
298, 1496.5164457340722, Server_05, 4.9999536060530145, 4296.735351808235, 0.0, 7
299, 1501.0171404430882, Server_05, 4.694143310325732, 4244.900228786465, 0.0, 6
300, 1505.5615735756187, Server_05, 4.694143310325732, 4204.044694428553, 0.0, 6
301, 1509.943469698742, Server_05, 4.694143310325732, 4359.984687720538, 0.0, 6
302, 1514.135153488722, Server_05, 4.694143310325732, 4557.83426356498, 0.0, 6
303, 1517.6231322483377, Server_05, 4.694143310325732, 5477.384272289711, 0.0, 6
304, 1520.1254298004167, Server_05, 4.694143310325732, 7634.983291306458, 0.0, 6
305, 1524.4275791270024, Server_05, 4.9999536060530145, 6973.25864878992, 0.0, 7
306, 1536.3794378336288, Server_05, 4.9999536060530145, 4315.392654831245, 0.0, 7
307, 1540.981809657718, Server_05, 4.694143310325732, 4151.120494003265, 0.0, 6
308, 1545.3529903534516, Server_05, 4.694143310325732, 4370.672669433993, 0.0, 6
309, 1549.4480729822353, Server_05, 4.694143310325732, 4665.351528126357, 0.0, 6
310, 1553.2047433136402, Server_05, 4.694143310325732, 5085.620593398057, 0.0, 6
311, 1556.4482088598638, Server_05, 4.694143310325732, 5890.30459171789, 0.0, 6
312, 1559.2092859929787, Server_05, 4.694143310325732, 6919.401044927271, 0.0, 6
313, 1571.2218984741605, Server_05, 4.9999536060530145, 4278.0062466740255, 0.0, 7
314, 1575.876755539736, Server_05, 4.694143310325732, 4104.315069368964, 0.0, 6
315, 1580.2786625113617, Server_05, 4.694143310325732, 4340.164415819988, 0.0, 6
316, 1584.2425181393587, Server_05, 4.694143310325732, 4819.802180750524, 0.0, 6
317, 1587.7883356578916, Server_05, 4.694143310325732, 5388.038132290821, 0.0, 6
318, 1590.9349531160942, Server_05, 4.694143310325732, 6071.5991866748645, 0.0, 6
319, 1596.2595253811398, Server_05, 4.9999536060530145, 5634.255393046671, 0.0, 7
320, 1600.4406858897353, Server_05, 4.694143310325732, 4569.305569763421, 0.0, 6
321, 1604.7176897678248, Server_05, 4.694143310325732, 4466.912012372043, 0.0, 6
322, 1612.468216082396, Server_05, 4.694143310325732, 6945.943363198764, 0.0, 6
323, 1616.5284253288346, Server_05, 4.9999536060530145, 7388.781754614057, 0.0, 7
324, 1623.1531763198916, Server_05, 4.9999536060530145, 4528.472095101858, 0.0, 7
325, 1627.646699935719, Server_05, 4.694143310325732, 4251.674550614838, 0.0, 6
326, 1632.0354799821657, Server_05, 4.694143310325732, 4353.145930716622, 0.0, 6
327, 1636.4226462377371, Server_05, 4.694143310325732, 4354.747207434401, 0.0, 6
328, 1640.3450570626976, Server_05, 4.694143310325732, 4870.728960471011, 0.0, 6
329, 1643.8840672823355, Server_05, 4.694143310325732, 5398.40204303072, 0.0, 6
330, 1651.515164206575, Server_05, 4.694143310325732, 7261.230030711302, 0.0, 6
331, 1657.4596420389169, Server_05, 4.9999536060530145, 5046.700626383116, 0.0, 7
332, 1662.0091977307131, Server_05, 4.694143310325732, 4199.311162285572, 0.0, 6
333, 1666.374277178228, Server_05, 4.694143310325732, 4376.781735525209, 0.0, 6
334, 1670.4962082702223, Server_05, 4.694143310325732, 4634.963460962944, 0.0, 6
335, 1674.542779746797, Server_05, 4.694143310325732, 4721.280746082891, 0.0, 6
336, 1682.6130944401452, Server_05, 4.694143310325732, 6222.489193498603, 0.0, 6
337, 1687.5059034825624, Server_05, 4.9999536060530145, 6131.447138018524, 0.0, 7
338, 1693.4445833630791, Server_05, 4.9999536060530145, 5051.627736060058, 0.0, 7
339, 1697.5020284693023, Server_05, 4.694143310325732, 4708.628089803903, 0.0, 6
340, 1701.6914178261711, Server_05, 4.694143310325732, 4560.330485557773, 0.0, 6
341, 1705.5943043535794, Server_05, 4.694143310325732, 4895.094916501835, 0.0, 6
342, 1708.6206582072307, Server_05, 4.694143310325732, 6312.877120086319, 0.0, 6
343, 1719.6276697263725, Server_05, 4.9999536060530145, 4994.163887384411, 0.0, 7
344, 1724.1655151369941, Server_05, 4.694143310325732, 4210.147828147943, 0.0, 6
345, 1728.5413065387304, Server_05, 4.694143310325732, 4366.067356962997, 0.0, 6
346, 1732.6705516217967, Server_05, 4.694143310325732, 4626.753708165241, 0.0, 6
347, 1736.8573089789932, Server_05, 4.694143310325732, 4563.197331500719, 0.0, 6
348, 1740.9321468236337, Server_05, 4.694143310325732, 4688.53012767805, 0.0, 6
349, 1744.701048744637, Server_05, 4.694143310325732, 5069.115726660735, 0.0, 6
350, 1752.2509719977313, Server_05, 4.694143310325732, 7492.382359671772, 0.0, 6
351, 1757.906006405322, Server_05, 4.9999536060530145, 5305.0075097211975, 0.0, 7
352, 1762.3897161466919, Server_05, 4.694143310325732, 4260.980550039529, 0.0, 6
353, 1766.8936712793095, Server_05, 4.694143310325732, 4241.827335632535, 0.0, 6
354, 1771.3868486049569, Server_05, 4.694143310325732, 4252.002228122034, 0.0, 6
355, 1775.7081339233118, Server_05, 4.694143310325732, 4421.138293935407, 0.0, 6
356, 1779.9399534981396, Server_05, 4.694143310325732, 4514.606462346031, 0.0, 6
357, 1787.789224641111, Server_05, 4.694143310325732, 6705.223561165049, 0.0, 6
358, 1791.7522447944134, Server_05, 4.9999536060530145, 7569.984213933829, 0.0, 7
359, 1797.7323301472647, Server_05, 4.9999536060530145, 5016.650805108624, 0.0, 7
360, 1802.2078404425201, Server_05, 4.694143310325732, 4268.786962741149, 0.0, 6
361, 1806.6299882312603, Server_05, 4.694143310325732, 4320.298848592488, 0.0, 6
362, 1810.955568114118, Server_05, 4.694143310325732, 4416.748856196874, 0.0, 6
363, 1815.235800981157, Server_05, 4.694143310325732, 4463.542193492173, 0.0, 6
364, 1819.18798525759, Server_05, 4.694143310325732, 4834.035729032901, 0.0, 6
365, 1827.126037150974, Server_05, 4.694143310325732, 6502.608086338182, 0.0, 6
366, 1830.995999042358, Server_05, 4.9999536060530145, 7752.014320035313, 0.0, 7
367, 1836.7667769880395, Server_05, 4.9999536060530145, 5198.605852171228, 0.0, 7
368, 1841.251584732917, Server_05, 4.694143310325732, 4259.937345546467, 0.0, 6
369, 1845.6373914728476, Server_05, 4.694143310325732, 4356.097095218221, 0.0, 6
370, 1849.9910432964225, Server_05, 4.694143310325732, 4388.270071700987, 0.0, 6
371, 1858.937136126113, Server_05, 4.694143310325732, 4841.497862456074, 0.0, 6
372, 1862.6298708468712, Server_05, 4.694143310325732, 5173.672479803143, 0.0, 6
373, 1866.0175819763328, Server_05, 4.694143310325732, 5639.500910762727, 0.0, 6
374, 1868.3921395778755, Server_05, 4.694143310325732, 8045.709224989334, 0.0, 6
375, 1880.362439131508, Server_05, 4.9999536060530145, 4303.97571426697, 0.0, 7
376, 1884.7515286162773, Server_05, 4.694143310325732, 4352.839026476143, 0.0, 6
377, 1889.1108929335987, Server_05, 4.694143310325732, 4382.519699968245, 0.0, 6
378, 1893.4269906496575, Server_05, 4.694143310325732, 4426.452146557489, 0.0, 6
379, 1897.4395205454691, Server_05, 4.694143310325732, 4761.335241375287, 0.0, 6
380, 1901.020105708918, Server_05, 4.694143310325732, 5335.720036776853, 0.0, 6
381, 1904.3029918993639, Server_05, 4.694143310325732, 5819.574268398617, 0.0, 6
382, 1912.8575742509215, Server_05, 4.694143310325732, 5374.752392957779, 0.0, 6
383, 1917.2622372638173, Server_05, 4.694143310325732, 4337.448731960954, 0.0, 6
384, 1921.7098060360852, Server_05, 4.694143310325732, 4295.60530218804, 0.0, 6
385, 1926.195289825372, Server_05, 4.694143310325732, 4259.295295109756, 0.0, 6
386, 1930.4424505686645, Server_05, 4.694143310325732, 4498.299253253313, 0.0, 6
387, 1934.295015430513, Server_05, 4.694143310325732, 4959.0339644100995, 0.0, 6
388, 1941.9538864041665, Server_05, 4.694143310325732, 7185.380633099688, 0.0, 6
389, 1946.6490463595483, Server_05, 4.9999536060530145, 6389.558670011417, 0.0, 7
390, 1953.0948966517985, Server_05, 4.9999536060530145, 4654.157115015293, 0.0, 7
391, 1958.011440274264, Server_05, 4.694143310325732, 3885.859959159566, 0.0, 6
392, 1962.4493489942924, Server_05, 4.694143310325732, 4304.955600771722, 0.0, 6
393, 1966.6737365251513, Server_05, 4.694143310325732, 4522.549093907541, 0.0, 6
394, 1970.1501183242885, Server_05, 4.694143310325732, 5495.656433577409, 0.0, 6
395, 1973.4326493135245, Server_05, 4.694143310325732, 5820.204001926829, 0.0, 6
396, 1981.8735093825417, Server_05, 4.694143310325732, 5552.390860653946, 0.0, 6
397, 1986.3770314318658, Server_05, 4.694143310325732, 4242.23525293212, 0.0, 6
398, 1990.816851094058, Server_05, 4.694143310325732, 4303.102705429949, 0.0, 6
399, 1995.1353112923036, Server_05, 4.694143310325732, 4424.030585661312, 0.0, 6
400, 1999.2946285788175, Server_05, 4.694143310325732, 4593.301901238875, 0.0, 6
401, 2006.5605305797437, Server_05, 4.694143310325732, 8431.520865505576, 0.0, 6
402, 2010.6893022169436, Server_05, 4.9999536060530145, 7266.08362877295, 0.0, 7
403, 2017.1506908793351, Server_05, 4.9999536060530145, 4642.964781644357, 0.0, 7
404, 2021.6094065247362, Server_05, 4.694143310325732, 4284.866207986553, 0.0, 6
405, 2026.2353699979856, Server_05, 4.694143310325732, 4129.95046555787, 0.0, 6
406, 2030.5669001227157, Server_05, 4.694143310325732, 4410.681548980462, 0.0, 6
407, 2034.6561073374905, Server_05, 4.694143310325732, 4672.054752072949, 0.0, 6
408, 2042.4095640463727, Server_05, 4.694143310325732, 6938.551072319683, 0.0, 6
409, 2046.2722297068426, Server_05, 4.9999536060530145, 7766.657183668913, 0.0, 7
410, 2052.5527247067744, Server_05, 4.9999536060530145, 4776.693556849572, 0.0, 7
411, 2056.9692136842773, Server_05, 4.694143310325732, 4325.834412203592, 0.0, 6
412, 2061.1707971266837, Server_05, 4.694143310325732, 4547.095222999466, 0.0, 6
413, 2065.4095321607583, Server_05, 4.694143310325732, 4507.240921269591, 0.0, 6
414, 2069.5327687275394, Server_05, 4.694143310325732, 4633.495966231891, 0.0, 6
415, 2077.663660224293, Server_05, 4.694143310325732, 6102.095847080722, 0.0, 6
416, 2081.5919325253913, Server_05, 4.9999536060530145, 7636.945125115716, 0.0, 7
417, 2087.405585432111, Server_05, 4.9999536060530145, 5160.266786021022, 0.0, 7
418, 2091.912599519057, Server_05, 4.694143310325732, 4238.948366133287, 0.0, 6
419, 2096.431023151556, Server_05, 4.694143310325732, 4228.244528154989, 0.0, 6
420, 2100.8509575453786, Server_05, 4.694143310325732, 4322.46234846871, 0.0, 6
421, 2105.2294968469755, Server_05, 4.694143310325732, 4363.327284291406, 0.0, 6
422, 2109.6000322484347, Server_05, 4.694143310325732, 4371.317983975493, 0.0, 6
423, 2117.4145899918517, Server_05, 4.694143310325732, 6787.922558947214, 0.0, 6
424, 2122.5340567069525, Server_05, 4.9999536060530145, 5859.985359707429, 0.0, 7
425, 2126.7733445256713, Server_05, 4.694143310325732, 4506.653196709306, 0.0, 6
426, 2131.3920321351243, Server_05, 4.694143310325732, 4136.456416947991, 0.0, 6
427, 2135.850947434852, Server_05, 4.694143310325732, 4284.674346957518, 0.0, 6
428, 2140.074078358723, Server_05, 4.694143310325732, 4523.894793791587, 0.0, 6
429, 2148.0838272693286, Server_05, 4.694143310325732, 6347.705595200586, 0.0, 6
430, 2152.485772532841, Server_05, 4.9999536060530145, 6815.168795638683, 0.0, 7
431, 2159.032345014374, Server_05, 4.9999536060530145, 4582.550652975372, 0.0, 7
432, 2163.5795328410277, Server_05, 4.694143310325732, 4201.497876998918, 0.0, 6
433, 2168.2021314680123, Server_05, 4.694143310325732, 4132.956707180587, 0.0, 6
434, 2172.7061761323635, Server_05, 4.694143310325732, 4241.743016274553, 0.0, 6
435, 2177.0286531140528, Server_05, 4.694143310325732, 4419.919430671764, 0.0, 6
436, 2180.8266390601193, Server_05, 4.694143310325732, 5030.297708127762, 0.0, 6
437, 2183.7644118039007, Server_05, 4.694143310325732, 6503.225969551686, 0.0, 6
438, 2195.3388836366917, Server_05, 4.9999536060530145, 4563.104194982056, 0.0, 7
439, 2199.8767334840268, Server_05, 4.694143310325732, 4210.143711832944, 0.0, 6
440, 2204.296869340153, Server_05, 4.694143310325732, 4322.265337957989, 0.0, 6
441, 2208.4345276317035, Server_05, 4.694143310325732, 4617.346009218424, 0.0, 6
442, 2212.370353431644, Server_05, 4.694143310325732, 4854.127436302741, 0.0, 6
443, 2215.9038061289493, Server_05, 4.694143310325732, 5406.892814659916, 0.0, 6
444, 2218.6673879169375, Server_05, 4.694143310325732, 6913.129939934915, 0.0, 6
445, 2229.9523920855795, Server_05, 4.9999536060530145, 4773.266523780548, 0.0, 7
446, 2234.426624495755, Server_05, 4.694143310325732, 4270.006170567119, 0.0, 6
447, 2238.8166557862683, Server_05, 4.694143310325732, 4351.905199692912, 0.0, 6
448, 2242.990710848542, Server_05, 4.694143310325732, 4577.083846515401, 0.0, 6
449, 2247.260234493878, Server_05, 4.694143310325732, 4474.738070808017, 0.0, 6
450, 2251.5027157884338, Server_05, 4.694143310325732, 4503.260868708554, 0.0, 6
451, 2255.118870282009, Server_05, 4.694143310325732, 5283.236663130154, 0.0, 6
452, 2258.068328328886, Server_05, 4.694143310325732, 6477.461179768465, 0.0, 6
453, 2269.4356349962436, Server_05, 4.9999536060530145, 4711.568260689591, 0.0, 7
454, 2273.838703691432, Server_05, 4.694143310325732, 4339.019289178523, 0.0, 6
455, 2278.301006733732, Server_05, 4.694143310325732, 4281.421458582294, 0.0, 6
456, 2282.721671056421, Server_05, 4.694143310325732, 4321.748634462508, 0.0, 6
457, 2287.0646245147595, Server_05, 4.694143310325732, 4399.080069190924, 0.0, 6
458, 2291.1191526323178, Server_05, 4.694143310325732, 4712.015663984519, 0.0, 6
459, 2294.269048106343, Server_05, 4.694143310325732, 6065.280628371821, 0.0, 6
460, 2304.8390215135214, Server_05, 4.9999536060530145, 5386.022123792509, 0.0, 7
461, 2309.3399626486107, Server_05, 4.694143310325732, 4244.66782092695, 0.0, 6
462, 2313.73288099982, Server_05, 4.694143310325732, 4349.045093164887, 0.0, 6
463, 2318.0208597958913, Server_05, 4.694143310325732, 4455.479121655999, 0.0, 6
464, 2322.392841416896, Server_05, 4.694143310325732, 4369.871983956355, 0.0, 6
465, 2326.695370565309, Server_05, 4.694143310325732, 4440.411520987832, 0.0, 6
466, 2330.837618356105, Server_05, 4.694143310325732, 4612.230113913415, 0.0, 6
467, 2334.5650163077235, Server_05, 4.694143310325732, 5125.559505044052, 0.0, 6
468, 2341.9436316342103, Server_05, 4.694143310325732, 8031.983897210294, 0.0, 6
469, 2348.520486097604, Server_05, 4.9999536060530145, 4561.4510959573845, 0.0, 7
470, 2353.027048598651, Server_05, 4.694143310325732, 4239.373135413357, 0.0, 6
471, 2357.5436852472967, Server_05, 4.694143310325732, 4229.917411162404, 0.0, 6
472, 2361.9777499220504, Server_05, 4.694143310325732, 4308.687716888395, 0.0, 6
473, 2366.225184844873, Server_05, 4.694143310325732, 4498.008879981409, 0.0, 6
474, 2370.2160111872145, Server_05, 4.694143310325732, 4787.229100224832, 0.0, 6
475, 2373.533866988496, Server_05, 4.694143310325732, 5758.236989269145, 0.0, 6
476, 2380.8262197211016, Server_05, 4.694143310325732, 8334.232218391586, 0.0, 6
477, 2386.451195172446, Server_05, 4.9999536060530145, 5333.356609197021, 0.0, 7
478, 2390.960578338468, Server_05, 4.694143310325732, 4236.721364455228, 0.0, 6
479, 2395.4391300047696, Server_05, 4.694143310325732, 4265.888042278118, 0.0, 6
480, 2399.8531240481716, Server_05, 4.694143310325732, 4328.279515591552, 0.0, 6
481, 2409.0302997241233, Server_05, 4.694143310325732, 4573.664476212652, 0.0, 6
482, 2412.9408158425254, Server_05, 4.694143310325732, 4885.54436845205, 0.0, 6
483, 2416.64026205307, Server_05, 4.694143310325732, 5164.286466862353, 0.0, 6
484, 2419.3761687321216, Server_05, 4.694143310325732, 6983.059819358012, 0.0, 6
485, 2431.1457349252773, Server_05, 4.9999536060530145, 4431.598590516953, 0.0, 7
486, 2435.5953549545015, Server_05, 4.694143310325732, 4293.625045402127, 0.0, 6
487, 2440.0005149574263, Server_05, 4.694143310325732, 4336.959381115683, 0.0, 6
488, 2444.347914586618, Server_05, 4.694143310325732, 4394.581043737982, 0.0, 6
489, 2448.525559375929, Server_05, 4.694143310325732, 4573.150893269696, 0.0, 6
490, 2452.4720146096556, Server_05, 4.694143310325732, 4841.053266416673, 0.0, 6
491, 2456.1629097986593, Server_05, 4.694143310325732, 5176.251023578214, 0.0, 6
492, 2459.5721958940803, Server_05, 4.694143310325732, 5603.812488972247, 0.0, 6
493, 2467.910388237983, Server_05, 4.694143310325732, 5723.157335404883, 0.0, 6
494, 2472.2240257617727, Server_05, 4.694143310325732, 4428.976680269625, 0.0, 6
495, 2476.7052482600393, Server_05, 4.694143310325732, 4263.345550771079, 0.0, 6
496, 2481.152023023862, Server_05, 4.694143310325732, 4296.3723180744155, 0.0, 6
497, 2485.66201866035, Server_05, 4.694143310325732, 4236.146005426658, 0.0, 6
498, 2489.8423451103968, Server_05, 4.694143310325732, 4570.217237408867, 0.0, 6
499, 2498.0145756510447, Server_05, 4.694143310325732, 6022.57615113246, 0.0, 6
500, 2504.011780528211, Server_05, 4.9999536060530145, 5002.330354632494, 0.0, 7
501, 2507.7274402669855, Server_05, 4.694143310325732, 5141.751759622139, 0.0, 6
502, 2511.2260807388298, Server_05, 4.694143310325732, 5460.692561510597, 0.0, 6
503, 2513.8149196319064, Server_05, 4.694143310325732, 7379.756249449437, 0.0, 6
504, 2525.904845152369, Server_05, 4.9999536060530145, 4231.3561564808, 0.0, 7
505, 2530.538000933801, Server_05, 4.694143310325732, 4123.539311275954, 0.0, 6
506, 2534.893879182198, Server_05, 4.694143310325732, 4386.027090410764, 0.0, 6
507, 2539.3813128413344, Server_05, 4.694143310325732, 4257.444555442463, 0.0, 6
508, 2543.6103659453424, Server_05, 4.694143310325732, 4517.559730307842, 0.0, 6
509, 2547.150236281787, Server_05, 4.694143310325732, 5397.090340656289, 0.0, 6
510, 2549.662108392581, Server_05, 4.694143310325732, 7605.880855916342, 0.0, 6
511, 2561.7163277836753, Server_05, 4.9999536060530145, 4252.773884219476, 0.0, 7
512, 2566.1836907811544, Server_05, 4.694143310325732, 4276.572109940668, 0.0, 6
513, 2570.7005729459734, Server_05, 4.694143310325732, 4229.68749302444, 0.0, 6
514, 2575.1608199642787, Server_05, 4.694143310325732, 4283.3950500030205, 0.0, 6
515, 2579.3918320693115, Server_05, 4.694143310325732, 4515.468054859701, 0.0, 6
516, 2583.3766455328696, Server_05, 4.694143310325732, 4794.452782976898, 0.0, 6
517, 2586.893974617381, Server_05, 4.694143310325732, 5431.678282287853, 0.0, 6
518, 2589.9736365645695, Server_05, 4.694143310325732, 6203.602969293957, 0.0, 6
519, 2601.0317827128824, Server_05, 4.9999536060530145, 4952.009949174663, 0.0, 7
520, 2605.5435818769097, Server_05, 4.694143310325732, 4234.452666316554, 0.0, 6
521, 2609.91512997991, Server_05, 4.694143310325732, 4370.305335743087, 0.0, 6
522, 2614.3220902022676, Server_05, 4.694143310325732, 4335.187756648122, 0.0, 6
523, 2618.4474457010074, Server_05, 4.694143310325732, 4631.116034929942, 0.0, 6
524, 2621.63538205144, Server_05, 4.694143310325732, 5992.9050959273645, 0.0, 6
525, 2624.4598426932907, Server_05, 4.694143310325732, 6764.123286731902, 0.0, 6
526, 2636.6690628504302, Server_05, 4.9999536060530145, 4161.337751669317, 0.0, 7
527, 2641.2617099188374, Server_05, 4.694143310325732, 4159.9103339386775, 0.0, 6
528, 2645.5511043939305, Server_05, 4.694143310325732, 4454.008627776142, 0.0, 6
529, 2649.235362979047, Server_05, 4.694143310325732, 5185.575213743193, 0.0, 6
530, 2652.147565565516, Server_05, 4.694143310325732, 6560.326568202303, 0.0, 6
531, 2656.5640522666836, Server_05, 4.9999536060530145, 6792.72961289974, 0.0, 7
532, 2663.5427996057597, Server_05, 4.9999536060530145, 4298.765744393835, 0.0, 7
533, 2668.184955460731, Server_05, 4.694143310325732, 4115.544716048246, 0.0, 6
534, 2672.5523107020163, Server_05, 4.694143310325732, 4374.5010296845085, 0.0, 6
535, 2676.8382641767225, Server_05, 4.694143310325732, 4457.584552130329, 0.0, 6
536, 2680.738616195489, Server_05, 4.694143310325732, 4898.275824355313, 0.0, 6
537, 2683.763274179979, Server_05, 4.694143310325732, 6316.41663221733, 0.0, 6
538, 2694.8419005942387, Server_05, 4.9999536060530145, 4935.325508674652, 0.0, 7
539, 2699.3563252423683, Server_05, 4.694143310325732, 4231.990007390154, 0.0, 6
540, 2703.641953279903, Server_05, 4.694143310325732, 4457.923047140851, 0.0, 6
541, 2707.9887431106104, Server_05, 4.694143310325732, 4395.197546712734, 0.0, 6
542, 2711.8275413277083, Server_05, 4.694143310325732, 4976.81798301002, 0.0, 6
543, 2715.1797709637744, Server_05, 4.694143310325732, 5699.191903338691, 0.0, 6
544, 2718.4420954464395, Server_05, 4.694143310325732, 5856.253754498705, 0.0, 6
545, 2726.525973722816, Server_05, 4.694143310325732, 6195.121301106194, 0.0, 6
546, 2733.239683833728, Server_05, 4.9999536060530145, 4468.468179947217, 0.0, 7
547, 2737.712102202665, Server_05, 4.694143310325732, 4271.73811213499, 0.0, 6
548, 2742.2556869222612, Server_05, 4.694143310325732, 4204.829705848963, 0.0, 6
549, 2746.444096789863, Server_05, 4.694143310325732, 4561.39695109132, 0.0, 6
550, 2750.238443317606, Server_05, 4.694143310325732, 5035.122612104673, 0.0, 6
551, 2753.833384452386, Server_05, 4.694143310325732, 5314.412471226988, 0.0, 6
552, 2761.9339269964107, Server_05, 4.694143310325732, 6161.824818955587, 0.0, 6
553, 2768.4645709763467, Server_05, 4.9999536060530145, 4593.727677112458, 0.0, 7
554, 2773.0399904784267, Server_05, 4.694143310325732, 4175.573407272261, 0.0, 6
555, 2777.522167646509, Server_05, 4.694143310325732, 4262.437490433791, 0.0, 6
556, 2781.787627073349, Server_05, 4.694143310325732, 4479.001694350417, 0.0, 6
557, 2785.4370667785756, Server_05, 4.694143310325732, 5235.0501839059825, 0.0, 6
558, 2788.514059062477, Server_05, 4.694143310325732, 6208.985345838093, 0.0, 6
559, 2799.616892521033, Server_05, 4.9999536060530145, 4915.749414387132, 0.0, 7
560, 2804.146209129054, Server_05, 4.694143310325732, 4218.075628929753, 0.0, 6
561, 2808.4377228017875, Server_05, 4.694143310325732, 4451.809188302474, 0.0, 6
562, 2812.711003359733, Server_05, 4.694143310325732, 4470.804044091606, 0.0, 6
563, 2816.7789380568206, Server_05, 4.694143310325732, 4696.486404680244, 0.0, 6
564, 2820.3377046982073, Server_05, 4.694143310325732, 5368.432922186684, 0.0, 6
565, 2823.4092211552456, Server_05, 4.694143310325732, 6220.0545779988015, 0.0, 6
566, 2835.0369158641274, Server_05, 4.9999536060530145, 4526.460755622453, 0.0, 7
567, 2839.4327389627842, Server_05, 4.694143310325732, 4346.171256490666, 0.0, 6
568, 2843.673087176243, Server_05, 4.694143310325732, 4505.526206400124, 0.0, 6
569, 2847.869274791723, Server_05, 4.694143310325732, 4552.942277776157, 0.0, 6
570, 2851.4009665215663, Server_05, 4.694143310325732, 5409.588792407965, 0.0, 6
571, 2854.1763061041506, Server_05, 4.694143310325732, 6883.8422944300155, 0.0, 6
572, 2865.4601663851317, Server_05, 4.9999536060530145, 4774.135429267695, 0.0, 7
573, 2869.911742320869, Server_05, 4.694143310325732, 4291.738538395989, 0.0, 6
574, 2874.2916142161166, Server_05, 4.694143310325732, 4361.999724405213, 0.0, 6
575, 2878.6929000552504, Server_05, 4.694143310325732, 4340.776922536763, 0.0, 6
576, 2882.9898932538877, Server_05, 4.694143310325732, 4446.132241042212, 0.0, 6
577, 2886.903273432911, Server_05, 4.694143310325732, 4881.968816218382, 0.0, 6
578, 2890.227549573583, Server_05, 4.694143310325732, 5747.115820570469, 0.0, 6
579, 2892.683188887084, Server_05, 4.694143310325732, 7780.051367871132, 0.0, 6
580, 2904.4973436857113, Server_05, 4.9999536060530145, 4402.600305769811, 0.0, 7
581, 2909.1109502663985, Server_05, 4.694143310325732, 4141.011953636086, 0.0, 6
582, 2913.4657926519667, Server_05, 4.694143310325732, 4387.0703709767695, 0.0, 6
583, 2917.6086657785877, Server_05, 4.694143310325732, 4611.53393214877, 0.0, 6
584, 2921.1583821088725, Server_05, 4.694143310325732, 5382.120209720285, 0.0, 6
585, 2923.4361086086, Server_05, 4.694143310325732, 8387.749803273136, 0.0, 6
586, 2934.9730191054355, Server_05, 4.9999536060530145, 4589.323964971438, 0.0, 7
587, 2939.3756029496453, Server_05, 4.694143310325732, 4339.497139873056, 0.0, 6
588, 2944.3969648509246, Server_05, 4.694143310325732, 3804.7446839337686, 0.0, 6
589, 2947.177009401421, Server_05, 4.3882382694953606, 4375.829156345072, 0.0, 5
590, 2951.1960398263773, Server_05, 4.694143310325732, 4753.63408083869, 0.0, 6
591, 2954.813356054638, Server_05, 4.694143310325732, 5281.539902632733, 0.0, 6
592, 2962.5428857028287, Server_05, 4.694143310325732, 6999.374420667687, 0.0, 6
593, 2968.776144822265, Server_05, 4.9999536060530145, 4812.891526754473, 0.0, 7
594, 2973.1955855798496, Server_05, 4.694143310325732, 4322.945152553966, 0.0, 6
595, 2977.6440368056933, Server_05, 4.694143310325732, 4294.753169149721, 0.0, 6
596, 2981.951134443241, Server_05, 4.694143310325732, 4435.7016273442605, 0.0, 6
597, 2985.9628856290506, Server_05, 4.694143310325732, 4762.259451079008, 0.0, 6
598, 2989.6969552973, Server_05, 4.694143310325732, 5116.401593266534, 0.0, 6
599, 2997.566035142817, Server_05, 4.694143310325732, 6658.929353204742, 0.0, 6
600, 3001.1913298636628, Server_05, 4.9999536060530145, 8275.189277025216, 0.0, 7
601, 3006.3380534205667, Server_05, 4.9999536060530145, 5828.951111966653, 0.0, 7
602, 3010.631578167336, Server_05, 4.694143310325732, 4449.723974311577, 0.0, 6
603, 3015.1705809482387, Server_05, 4.694143310325732, 4209.074310415144, 0.0, 6
604, 3019.6029351430807, Server_05, 4.694143310325732, 4310.350472945692, 0.0, 6
605, 3028.250519170263, Server_05, 4.694143310325732, 5237.71347215764, 0.0, 6
606, 3031.633800366833, Server_05, 4.694143310325732, 5646.885047382228, 0.0, 6
607, 3035.1500304378596, Server_05, 4.694143310325732, 5433.375977704863, 0.0, 6
608, 3037.5706185560716, Server_05, 4.694143310325732, 7892.709980792732, 0.0, 6
609, 3049.3171842154015, Server_05, 4.9999536060530145, 4446.7068898251355, 0.0, 7
610, 3053.622467265625, Server_05, 4.694143310325732, 4437.571183388014, 0.0, 6
611, 3058.4870276199995, Server_05, 4.694143310325732, 3927.384718912842, 0.0, 6
612, 3062.7357893799435, Server_05, 4.694143310325732, 4496.604205986736, 0.0, 6
613, 3066.5725193867006, Server_05, 4.694143310325732, 4979.500764023822, 0.0, 6
614, 3070.385671687897, Server_05, 4.694143310325732, 5010.2903033814955, 0.0, 6
615, 3073.69346085751, Server_05, 4.694143310325732, 5775.761096113832, 0.0, 6
616, 3081.4302431069586, Server_05, 4.694143310325732, 6980.8257503316, 0.0, 6
617, 3088.214843778659, Server_05, 4.9999536060530145, 4421.778296419767, 0.0, 7
618, 3092.6310616178534, Server_05, 4.694143310325732, 4326.100001327217, 0.0, 6
619, 3097.2479709893983, Server_05, 4.694143310325732, 4138.049604731035, 0.0, 6
620, 3101.489648824286, Server_05, 4.694143310325732, 4504.113877499328, 0.0, 6
621, 3105.5494714623924, Server_05, 4.694143310325732, 4705.870601507851, 0.0, 6
622, 3109.5368402074787, Server_05, 4.694143310325732, 4791.380286446629, 0.0, 6
623, 3117.1185733689645, Server_05, 4.694143310325732, 7400.0676309263445, 0.0, 6
624, 3121.9455441860837, Server_05, 4.9999536060530145, 6215.077972628864, 0.0, 7
625, 3128.6783588492876, Server_05, 4.9999536060530145, 4455.78877493174, 0.0, 7
626, 3133.0430867553528, Server_05, 4.694143310325732, 4377.134247807779, 0.0, 6
627, 3137.4245842169034, Server_05, 4.694143310325732, 4360.381391899391, 0.0, 6
628, 3141.764972982896, Server_05, 4.694143310325732, 4401.679441641363, 0.0, 6
629, 3145.868380401974, Server_05, 4.694143310325732, 4655.886693379574, 0.0, 6
630, 3149.6165413199165, Server_05, 4.694143310325732, 5097.166428619265, 0.0, 6
631, 3156.851331938473, Server_05, 4.694143310325732, 8548.899320304577, 0.0, 6
632, 3162.0576990023574, Server_05, 4.9999536060530145, 5762.175357958114, 0.0, 7
633, 3166.601941024702, Server_05, 4.694143310325732, 4204.221497459679, 0.0, 6
634, 3171.1114845552984, Server_05, 4.694143310325732, 4236.570701751814, 0.0, 6
635, 3175.5633408963577, Server_05, 4.694143310325732, 4291.468218279056, 0.0, 6
636, 3179.991214508544, Server_05, 4.694143310325732, 4314.712133476226, 0.0, 6
637, 3188.4387472178137, Server_05, 4.694143310325732, 5541.644303658463, 0.0, 6
638, 3191.396403495811, Server_05, 4.694143310325732, 6459.50651606404, 0.0, 6
639, 3196.391869525455, Server_05, 4.9999536060530145, 6005.445702557541, 0.0, 7
640, 3203.0924857001623, Server_05, 4.9999536060530145, 4477.200188430575, 0.0, 7
641, 3207.9371881149227, Server_05, 4.694143310325732, 3943.482667127853, 0.0, 6
642, 3212.4755080615, Server_05, 4.694143310325732, 4209.707606535884, 0.0, 6
643, 3216.768950331615, Server_05, 4.694143310325732, 4449.809453123958, 0.0, 6
644, 3220.809175045255, Server_05, 4.694143310325732, 4728.697375544773, 0.0, 6
645, 3223.5773297155743, Server_05, 4.694143310325732, 6901.709721948574, 0.0, 6
646, 3235.244804991012, Server_05, 4.9999536060530145, 4499.454255273488, 0.0, 7
647, 3239.696978044276, Server_05, 4.694143310325732, 4291.162938061134, 0.0, 6
648, 3244.1683623688314, Server_05, 4.694143310325732, 4272.725986688618, 0.0, 6
649, 3248.565640383092, Server_05, 4.694143310325732, 4344.733250442811, 0.0, 6
650, 3252.80831027786, Server_05, 4.694143310325732, 4503.060684396021, 0.0, 6
651, 3256.9569644630255, Server_05, 4.694143310325732, 4605.107860837043, 0.0, 6
652, 3260.746313258621, Server_05, 4.694143310325732, 5041.763382195779, 0.0, 6
653, 3263.6584728354583, Server_05, 4.694143310325732, 6560.423457545461, 0.0, 6
654, 3274.8346664077258, Server_05, 4.9999536060530145, 4857.360710763145, 0.0, 7
655, 3279.2990485868713, Server_05, 4.694143310325732, 4279.427529579584, 0.0, 6
656, 3283.6455872615775, Server_05, 4.694143310325732, 4395.451514368865, 0.0, 6
657, 3287.943291896288, Server_05, 4.694143310325732, 4445.39623446853, 0.0, 6
658, 3292.260464962662, Server_05, 4.694143310325732, 4425.349576278777, 0.0, 6
659, 3296.407432511585, Server_05, 4.694143310325732, 4606.980829874601, 0.0, 6
660, 3299.980891536993, Server_05, 4.694143310325732, 5346.36044912175, 0.0, 6
661, 3307.5130139089124, Server_05, 4.694143310325732, 7545.053987860344, 0.0, 6
662, 3314.223141577852, Server_05, 4.9999536060530145, 4470.853831718692, 0.0, 7
663, 3318.6223659675647, Server_05, 4.694143310325732, 4342.810983835098, 0.0, 6
664, 3323.100466748577, Server_05, 4.694143310325732, 4266.317560562019, 0.0, 6
665, 3327.305126847872, Server_05, 4.694143310325732, 4543.767997609117, 0.0, 6
666, 3331.1184948148116, Server_05, 4.694143310325732, 5010.006945470083, 0.0, 6
667, 3334.9105278285124, Server_05, 4.694143310325732, 5038.194533373706, 0.0, 6
668, 3342.816480720441, Server_05, 4.694143310325732, 6574.43555023333, 0.0, 6
669, 3346.686935242954, Server_05, 4.9999536060530145, 7751.0276442993645, 0.0, 7
670, 3352.8341769936806, Server_05, 4.9999536060530145, 4880.237546612509, 0.0, 7
671, 3357.316681422979, Server_05, 4.694143310325732, 4262.126295989039, 0.0, 6
672, 3361.765011105588, Server_05, 4.694143310325732, 4294.87051616048, 0.0, 6
673, 3366.1111794092026, Server_05, 4.694143310325732, 4395.826085269599, 0.0, 6
674, 3370.3359601523634, Server_05, 4.694143310325732, 4522.128167462288, 0.0, 6
675, 3374.393821756257, Server_05, 4.694143310325732, 4708.144797661304, 0.0, 6
676, 3381.7209870424194, Server_05, 4.694143310325732, 8209.558690823771, 0.0, 6
677, 3385.5622963717515, Server_05, 4.9999536060530145, 7809.8370706367205, 0.0, 7
678, 3392.749980510275, Server_05, 4.9999536060530145, 4173.806113600788, 0.0, 7
679, 3397.242825447987, Server_05, 4.694143310325732, 4252.316798124096, 0.0, 6
680, 3401.760615273559, Server_05, 4.694143310325732, 4228.837714375344, 0.0, 6
681, 3406.14651588227, Server_05, 4.694143310325732, 4356.003864304442, 0.0, 6
682, 3410.4662073051054, Server_05, 4.694143310325732, 4422.769621691815, 0.0, 6
683, 3414.3995132771392, Server_05, 4.694143310325732, 4857.237178047735, 0.0, 6
684, 3422.4466188891606, Server_05, 4.694143310325732, 6269.884419045867, 0.0, 6
685, 3425.978300372363, Server_05, 4.9999536060530145, 8494.537274295433, 0.0, 7
686, 3431.25990960945, Server_05, 4.9999536060530145, 5680.087006312679, 0.0, 7
687, 3435.6827396764575, Server_05, 4.694143310325732, 4319.632387080768, 0.0, 6
688, 3440.3264516782033, Server_05, 4.694143310325732, 4114.165562553704, 0.0, 6
689, 3444.758373970363, Server_05, 4.694143310325732, 4310.770528128791, 0.0, 6
690, 3453.6197528361554, Server_05, 4.694143310325732, 4947.714447098301, 0.0, 6
691, 3457.294184999516, Server_05, 4.694143310325732, 5199.442839224234, 0.0, 6
692, 3460.640987698452, Server_05, 4.694143310325732, 5708.433307428722, 0.0, 6
693, 3463.0892929129213, Server_05, 4.694143310325732, 7803.35714970979, 0.0, 6
694, 3474.633705925097, Server_05, 4.9999536060530145, 4584.062763793609, 0.0, 7
695, 3479.0303054687656, Server_05, 4.694143310325732, 4345.403717177659, 0.0, 6
696, 3483.455553409395, Server_05, 4.694143310325732, 4317.272219843577, 0.0, 6
697, 3487.8926806814093, Server_05, 4.694143310325732, 4305.71377127253, 0.0, 6
698, 3492.20271715596, Server_05, 4.694143310325732, 4432.677104430374, 0.0, 6
699, 3496.164053721177, Server_05, 4.694143310325732, 4822.867152403321, 0.0, 6
700, 3499.369945337531, Server_05, 4.694143310325732, 5959.340578620924, 0.0, 6
701, 3507.315454362274, Server_05, 4.694143310325732, 6486.145463997475, 0.0, 6
702, 3513.8767955106714, Server_05, 4.9999536060530145, 4572.235968454068, 0.0, 7
703, 3518.321694915261, Server_05, 4.694143310325732, 4298.185011852596, 0.0, 6
704, 3522.86661352113, Server_05, 4.694143310325732, 4203.595632126155, 0.0, 6
705, 3527.3331849341066, Server_05, 4.694143310325732, 4277.330021970629, 0.0, 6
706, 3531.636599738852, Server_05, 4.694143310325732, 4439.497670299553, 0.0, 6
707, 3535.755830870568, Server_05, 4.694143310325732, 4638.001459277609, 0.0, 6
708, 3539.3664615971743, Server_05, 4.694143310325732, 5291.319286466283, 0.0, 6
709, 3547.276210585177, Server_05, 4.694143310325732, 6565.858456785132, 0.0, 6
710, 3553.8604741065055, Server_05, 4.9999536060530145, 4556.318243159728, 0.0, 7
711, 3558.2143720368167, Server_05, 4.694143310325732, 4388.022022058415, 0.0, 6
712, 3562.697881221397, Server_05, 4.694143310325732, 4261.171152655626, 0.0, 6
713, 3566.73051110637, Server_05, 4.694143310325732, 4737.60313863445, 0.0, 6
714, 3570.5499573527973, Server_05, 4.694143310325732, 5002.034003717617, 0.0, 6
715, 3574.1107624711303, Server_05, 4.694143310325732, 5365.359620956653, 0.0, 6
716, 3581.403416363141, Server_05, 4.694143310325732, 8333.137446771707, 0.0, 6
717, 3585.0537716661797, Server_05, 4.9999536060530145, 8218.378078162852, 0.0, 7
718, 3595.305906912563, Server_05, 4.9999536060530145, 5711.962581439425, 0.0, 7
719, 3597.8518848289623, Server_05, 4.694143310325732, 7503.992818217072, 0.0, 6
