Server_07	Server_0	Server_02	Server_01	Server_03	
4.235	4.000	3.767	3.089	3.748	
4.465	4.000	3.767	3.089	3.748	
4.579	4.000	3.767	3.089	3.748	
4.637	4.000	3.767	3.089	3.748	
4.513	4.000	3.767	3.089	3.748	
4.450	4.000	3.767	3.089	3.748	
4.419	4.000	3.767	3.089	3.748	
4.404	4.000	3.767	3.089	3.748	
4.396	4.000	3.767	3.089	3.748	
4.392	4.000	3.767	3.089	3.748	
4.390	4.000	3.767	3.089	3.748	
4.389	4.000	3.767	3.089	3.748	
4.389	4.000	3.767	3.089	3.748	
4.388	4.000	3.767	3.089	3.748	
4.235	4.000	3.767	3.089	3.748	
4.159	4.000	3.767	3.089	3.748	
4.121	4.000	3.767	3.089	3.748	
4.101	4.000	3.767	3.089	3.748	
4.092	4.000	3.767	3.089	3.748	
4.087	4.000	3.767	3.089	3.748	
4.085	4.000	3.767	3.089	3.748	
4.083	4.000	3.767	3.089	3.748	
4.083	4.000	3.767	3.089	3.748	
4.083	4.000	3.767	3.089	3.748	
4.082	4.000	3.767	3.089	3.748	
4.082	4.000	3.767	3.089	3.748	
4.082	4.000	3.767	3.089	3.748	
4.082	4.000	3.767	3.089	3.748	
4.082	4.000	3.767	3.089	3.748	
4.082	4.000	3.767	3.089	3.748	
4.082	4.000	3.767	3.089	3.748	
4.082	4.000	3.767	3.089	3.748	
4.082	4.000	3.767	3.089	3.748	
4.235	4.000	3.767	3.089	3.748	
4.159	4.000	3.767	3.089	3.748	
4.120	4.000	3.767	3.089	3.748	
4.101	4.000	3.767	3.089	3.748	
4.092	4.000	3.767	3.089	3.748	
4.240	4.000	3.767	3.089	3.748	
4.314	4.000	3.767	3.089	3.748	
4.198	4.000	3.767	3.089	3.748	
4.140	4.000	3.767	3.089	3.748	
4.111	4.000	3.767	3.089	3.748	
4.097	4.000	3.767	3.089	3.748	
4.089	4.000	3.767	3.089	3.748	
4.086	4.000	3.767	3.089	3.748	
4.084	4.000	3.767	3.089	3.748	
4.083	4.000	3.767	3.089	3.748	
4.083	4.000	3.767	3.089	3.748	
4.082	4.000	3.767	3.089	3.748	
4.082	4.000	3.767	3.089	3.748	
4.082	4.000	3.767	3.089	3.748	
4.082	4.000	3.767	3.089	3.748	
4.082	4.000	3.767	3.089	3.748	
4.082	4.000	3.767	3.089	3.748	
4.082	4.000	3.767	3.089	3.748	
4.082	4.000	3.767	3.089	3.748	
4.082	4.000	3.767	3.089	3.748	
4.082	4.000	3.767	3.089	3.748	
4.082	4.000	3.767	3.089	3.748	
3.929	4.000	3.767	3.089	3.748	
4.006	4.000	3.767	3.089	3.748	
4.044	4.000	3.767	3.089	3.748	
3.910	4.000	3.767	3.089	3.748	
3.843	4.000	3.767	3.089	3.748	
3.963	4.000	3.767	3.089	3.748	
4.022	4.000	3.767	3.089	3.748	
3.899	4.000	3.767	3.089	3.748	
3.838	4.000	3.767	3.089	3.748	
3.807	4.000	3.767	3.089	3.748	
3.945	4.000	3.767	3.089	3.748	
4.013	4.000	3.767	3.089	3.748	
3.895	4.000	3.767	3.089	3.748	
3.835	4.000	3.767	3.089	3.748	
3.806	4.000	3.767	3.089	3.748	
4.097	4.000	3.767	3.089	3.748	
4.090	4.000	3.767	3.089	3.748	
3.933	4.000	3.767	3.089	3.748	
4.008	4.000	3.767	3.089	3.748	
4.198	4.000	3.767	3.089	3.748	
4.140	4.000	3.767	3.089	3.748	
3.958	4.000	3.767	3.089	3.748	
4.020	4.000	3.767	3.089	3.748	
4.051	4.000	3.767	3.089	3.748	
4.067	4.000	3.767	3.089	3.748	
3.921	4.000	3.767	3.089	3.748	
4.002	4.000	3.767	3.089	3.748	
4.195	4.000	3.767	3.089	3.748	
4.292	4.000	3.767	3.089	3.748	
4.034	4.000	3.767	3.089	3.748	
4.058	4.000	3.767	3.089	3.748	
4.223	4.000	3.767	3.089	3.748	
4.153	4.000	3.767	3.089	3.748	
3.964	4.000	3.767	3.089	3.748	
4.023	4.000	3.767	3.089	3.748	
4.053	4.000	3.767	3.089	3.748	
4.068	4.000	3.767	3.089	3.748	
4.075	4.000	3.767	3.089	3.748	
4.079	4.000	3.767	3.089	3.748	
3.927	4.000	3.767	3.089	3.748	
3.852	4.000	3.767	3.089	3.748	
4.120	4.000	3.767	3.089	3.748	
4.560	4.000	3.767	3.089	3.748	
4.321	4.000	3.767	3.089	3.748	
4.355	4.000	3.767	3.089	3.748	
4.218	4.000	3.767	3.089	3.748	
3.997	4.000	3.767	3.089	3.748	
4.040	4.000	3.767	3.089	3.748	
4.061	4.000	3.767	3.089	3.748	
4.072	4.000	3.767	3.089	3.748	
3.924	4.000	3.767	3.089	3.748	
3.850	4.000	3.767	3.089	3.748	
3.966	4.000	3.767	3.089	3.748	
4.024	4.000	3.767	3.089	3.748	
4.053	4.000	3.767	3.089	3.748	
4.068	4.000	3.767	3.089	3.748	
4.075	4.000	3.767	3.089	3.748	
3.926	4.000	3.767	3.089	3.748	
3.851	4.000	3.767	3.089	3.748	
3.967	4.000	3.767	3.089	3.748	
4.024	4.000	3.767	3.089	3.748	
4.053	4.000	3.767	3.089	3.748	
3.915	4.000	3.767	3.089	3.748	
3.845	4.000	3.767	3.089	3.748	
3.811	4.000	3.767	3.089	3.748	
3.947	4.000	3.767	3.089	3.748	
4.167	4.000	3.767	3.089	3.748	
4.125	4.000	3.767	3.089	3.748	
3.950	4.000	3.767	3.089	3.748	
3.863	4.000	3.767	3.089	3.748	
3.973	4.000	3.767	3.089	3.748	
4.333	4.000	3.767	3.089	3.748	
4.208	4.000	3.767	3.089	3.748	
3.992	4.000	3.767	3.089	3.748	
3.884	4.000	3.767	3.089	3.748	
3.983	4.000	3.767	3.089	3.748	
4.033	4.000	3.767	3.089	3.748	
4.057	4.000	3.767	3.089	3.748	
4.070	4.000	3.767	3.089	3.748	
4.076	4.000	3.767	3.089	3.748	
3.926	4.000	3.767	3.089	3.748	
3.851	4.000	3.767	3.089	3.748	
3.967	4.000	3.767	3.089	3.748	
4.024	4.000	3.767	3.089	3.748	
4.053	4.000	3.767	3.089	3.748	
3.915	4.000	3.767	3.089	3.748	
3.845	4.000	3.767	3.089	3.748	
3.964	4.000	3.767	3.089	3.748	
4.176	4.000	3.767	3.089	3.748	
3.976	4.000	3.767	3.089	3.748	
3.876	4.000	3.767	3.089	3.748	
3.826	4.000	3.767	3.089	3.748	
3.954	4.000	3.767	3.089	3.748	
4.018	4.000	3.767	3.089	3.748	
4.050	4.000	3.767	3.089	3.748	
4.066	4.000	3.767	3.089	3.748	
3.921	4.000	3.767	3.089	3.748	
3.849	4.000	3.767	3.089	3.748	
3.965	4.000	3.767	3.089	3.748	
4.330	4.000	3.767	3.089	3.748	
4.206	4.000	3.767	3.089	3.748	
3.991	4.000	3.767	3.089	3.748	
3.884	4.000	3.767	3.089	3.748	
3.983	4.000	3.767	3.089	3.748	
4.033	4.000	3.767	3.089	3.748	
4.057	4.000	3.767	3.089	3.748	
3.917	4.000	3.767	3.089	3.748	
3.846	4.000	3.767	3.089	3.748	
3.811	4.000	3.767	3.089	3.748	
3.947	4.000	3.767	3.089	3.748	
4.015	4.000	3.767	3.089	3.748	
3.895	4.000	3.767	3.089	3.748	
3.836	4.000	3.767	3.089	3.748	
3.806	4.000	3.767	3.089	3.748	
3.944	4.000	3.767	3.089	3.748	
3.860	4.000	3.767	3.089	3.748	
3.818	4.000	3.767	3.089	3.748	
3.950	4.000	3.767	3.089	3.748	
4.016	4.000	3.767	3.089	3.748	
4.049	4.000	3.767	3.089	3.748	
3.913	4.000	3.767	3.089	3.748	
3.997	4.000	3.767	3.089	3.748	
4.040	4.000	3.767	3.089	3.748	
4.214	4.000	3.767	3.089	3.748	
4.148	4.000	3.767	3.089	3.748	
3.962	4.000	3.767	3.089	3.748	
3.869	4.000	3.767	3.089	3.748	
3.823	4.000	3.767	3.089	3.748	
3.952	4.000	3.767	3.089	3.748	
4.017	4.000	3.767	3.089	3.748	
3.897	4.000	3.767	3.089	3.748	
3.836	4.000	3.767	3.089	3.748	
3.959	4.000	3.767	3.089	3.748	
4.021	4.000	3.767	3.089	3.748	
4.052	4.000	3.767	3.089	3.748	
3.914	4.000	3.767	3.089	3.748	
3.845	4.000	3.767	3.089	3.748	
3.964	4.000	3.767	3.089	3.748	
4.023	4.000	3.767	3.089	3.748	
3.900	4.000	3.767	3.089	3.748	
3.838	4.000	3.767	3.089	3.748	
3.807	4.000	3.767	3.089	3.748	
3.945	4.000	3.767	3.089	3.748	
4.013	4.000	3.767	3.089	3.748	
3.895	4.000	3.767	3.089	3.748	
3.835	4.000	3.767	3.089	3.748	
3.806	4.000	3.767	3.089	3.748	
3.944	4.000	3.767	3.089	3.748	
3.860	4.000	3.767	3.089	3.748	
3.818	4.000	3.767	3.089	3.748	
3.950	4.000	3.767	3.089	3.748	
4.016	4.000	3.767	3.089	3.748	
3.896	4.000	3.767	3.089	3.748	
3.836	4.000	3.767	3.089	3.748	
3.959	4.000	3.767	3.089	3.748	
4.021	4.000	3.767	3.089	3.748	
4.051	4.000	3.767	3.089	3.748	
3.914	4.000	3.767	3.089	3.748	
3.845	4.000	3.767	3.089	3.748	
3.964	4.000	3.767	3.089	3.748	
4.023	4.000	3.767	3.089	3.748	
4.053	4.000	3.767	3.089	3.748	
4.067	4.000	3.767	3.089	3.748	
3.922	4.000	3.767	3.089	3.748	
4.002	4.000	3.767	3.089	3.748	
4.042	4.000	3.767	3.089	3.748	
3.909	4.000	3.767	3.089	3.748	
3.843	4.000	3.767	3.089	3.748	
3.809	4.000	3.767	3.089	3.748	
3.793	4.000	3.767	3.089	3.748	
3.784	4.000	3.767	3.089	3.748	
3.933	4.000	3.767	3.089	3.748	
4.008	4.000	3.767	3.089	3.748	
3.892	4.000	3.767	3.089	3.748	
3.987	4.000	3.767	3.089	3.748	
4.035	4.000	3.767	3.089	3.748	
4.058	4.000	3.767	3.089	3.748	
3.917	4.000	3.767	3.089	3.748	
3.847	4.000	3.767	3.089	3.748	
3.964	4.000	3.767	3.089	3.748	
4.023	4.000	3.767	3.089	3.748	
3.900	4.000	3.767	3.089	3.748	
3.991	4.000	3.767	3.089	3.748	
4.037	4.000	3.767	3.089	3.748	
3.906	4.000	3.767	3.089	3.748	
3.841	4.000	3.767	3.089	3.748	
3.809	4.000	3.767	3.089	3.748	
4.098	4.000	3.767	3.089	3.748	
4.090	4.000	3.767	3.089	3.748	
3.933	4.000	3.767	3.089	3.748	
3.855	4.000	3.767	3.089	3.748	
3.968	4.000	3.767	3.089	3.748	
4.025	4.000	3.767	3.089	3.748	
3.901	4.000	3.767	3.089	3.748	
3.838	4.000	3.767	3.089	3.748	
3.807	4.000	3.767	3.089	3.748	
3.945	4.000	3.767	3.089	3.748	
4.167	4.000	3.767	3.089	3.748	
4.124	4.000	3.767	3.089	3.748	
3.950	4.000	3.767	3.089	3.748	
4.016	4.000	3.767	3.089	3.748	
4.049	4.000	3.767	3.089	3.748	
3.913	4.000	3.767	3.089	3.748	
3.844	4.000	3.767	3.089	3.748	
4.116	4.000	3.767	3.089	3.748	
4.099	4.000	3.767	3.089	3.748	
3.938	4.000	3.767	3.089	3.748	
3.857	4.000	3.767	3.089	3.748	
3.970	4.000	3.767	3.089	3.748	
4.485	4.000	3.767	3.089	3.748	
4.284	4.000	3.767	3.089	3.748	
4.030	4.000	3.767	3.089	3.748	
4.056	4.000	3.767	3.089	3.748	
4.222	4.000	3.767	3.089	3.748	
4.152	4.000	3.767	3.089	3.748	
3.964	4.000	3.767	3.089	3.748	
4.023	4.000	3.767	3.089	3.748	
4.053	4.000	3.767	3.089	3.748	
3.914	4.000	3.767	3.089	3.748	
3.845	4.000	3.767	3.089	3.748	
3.964	4.000	3.767	3.089	3.748	
4.023	4.000	3.767	3.089	3.748	
4.206	4.000	3.767	3.089	3.748	
4.144	4.000	3.767	3.089	3.748	
3.960	4.000	3.767	3.089	3.748	
3.868	4.000	3.767	3.089	3.748	
3.975	4.000	3.767	3.089	3.748	
4.029	4.000	3.767	3.089	3.748	
3.902	4.000	3.767	3.089	3.748	
3.839	4.000	3.767	3.089	3.748	
3.808	4.000	3.767	3.089	3.748	
3.945	4.000	3.767	3.089	3.748	
4.014	4.000	3.767	3.089	3.748	
3.895	4.000	3.767	3.089	3.748	
3.835	4.000	3.767	3.089	3.748	
4.418	4.000	3.767	3.089	3.748	
4.403	4.000	3.767	3.089	3.748	
4.090	4.000	3.767	3.089	3.748	
4.086	4.000	3.767	3.089	3.748	
4.084	4.000	3.767	3.089	3.748	
4.083	4.000	3.767	3.089	3.748	
3.930	4.000	3.767	3.089	3.748	
3.853	4.000	3.767	3.089	3.748	
3.968	4.000	3.767	3.089	3.748	
4.025	4.000	3.767	3.089	3.748	
3.901	4.000	3.767	3.089	3.748	
3.838	4.000	3.767	3.089	3.748	
3.960	4.000	3.767	3.089	3.748	
4.021	4.000	3.767	3.089	3.748	
4.052	4.000	3.767	3.089	3.748	
3.914	4.000	3.767	3.089	3.748	
3.998	4.000	3.767	3.089	3.748	
4.040	4.000	3.767	3.089	3.748	
3.908	4.000	3.767	3.089	3.748	
3.842	4.000	3.767	3.089	3.748	
3.809	4.000	3.767	3.089	3.748	
3.793	4.000	3.767	3.089	3.748	
3.784	4.000	3.767	3.089	3.748	
3.933	4.000	3.767	3.089	3.748	
4.008	4.000	3.767	3.089	3.748	
4.045	4.000	3.767	3.089	3.748	
4.064	4.000	3.767	3.089	3.748	
3.920	4.000	3.767	3.089	3.748	
4.001	4.000	3.767	3.089	3.748	
4.042	4.000	3.767	3.089	3.748	
4.215	4.000	3.767	3.089	3.748	
3.996	4.000	3.767	3.089	3.748	
3.886	4.000	3.767	3.089	3.748	
3.831	4.000	3.767	3.089	3.748	
3.804	4.000	3.767	3.089	3.748	
3.943	4.000	3.767	3.089	3.748	
4.013	4.000	3.767	3.089	3.748	
3.894	4.000	3.767	3.089	3.748	
3.835	4.000	3.767	3.089	3.748	
3.959	4.000	3.767	3.089	3.748	
4.020	4.000	3.767	3.089	3.748	
3.898	4.000	3.767	3.089	3.748	
3.837	4.000	3.767	3.089	3.748	
3.960	4.000	3.767	3.089	3.748	
4.480	4.000	3.767	3.089	3.748	
4.281	4.000	3.767	3.089	3.748	
4.029	4.000	3.767	3.089	3.748	
3.902	4.000	3.767	3.089	3.748	
3.992	4.000	3.767	3.089	3.748	
4.037	4.000	3.767	3.089	3.748	
4.060	4.000	3.767	3.089	3.748	
3.918	4.000	3.767	3.089	3.748	
3.847	4.000	3.767	3.089	3.748	
3.965	4.000	3.767	3.089	3.748	
4.023	4.000	3.767	3.089	3.748	
3.900	4.000	3.767	3.089	3.748	
3.838	4.000	3.767	3.089	3.748	
3.960	4.000	3.767	3.089	3.748	
4.021	4.000	3.767	3.089	3.748	
3.899	4.000	3.767	3.089	3.748	
3.837	4.000	3.767	3.089	3.748	
3.960	4.000	3.767	3.089	3.748	
4.021	4.000	3.767	3.089	3.748	
4.052	4.000	3.767	3.089	3.748	
3.914	4.000	3.767	3.089	3.748	
3.998	4.000	3.767	3.089	3.748	
4.193	4.000	3.767	3.089	3.748	
4.444	4.000	3.767	3.089	3.748	
4.110	4.000	3.767	3.089	3.748	
4.096	4.000	3.767	3.089	3.748	
4.089	4.000	3.767	3.089	3.748	
4.086	4.000	3.767	3.089	3.748	
3.931	4.000	3.767	3.089	3.748	
4.007	4.000	3.767	3.089	3.748	
4.197	4.000	3.767	3.089	3.748	
4.293	4.000	3.767	3.089	3.748	
4.188	4.000	3.767	3.089	3.748	
3.982	4.000	3.767	3.089	3.748	
4.032	4.000	3.767	3.089	3.748	
4.057	4.000	3.767	3.089	3.748	
4.070	4.000	3.767	3.089	3.748	
3.923	4.000	3.767	3.089	3.748	
3.850	4.000	3.767	3.089	3.748	
4.425	4.000	3.767	3.089	3.748	
4.406	4.000	3.767	3.089	3.748	
4.091	4.000	3.767	3.089	3.748	
4.087	4.000	3.767	3.089	3.748	
3.931	4.000	3.767	3.089	3.748	
3.854	4.000	3.767	3.089	3.748	
3.968	4.000	3.767	3.089	3.748	
4.025	4.000	3.767	3.089	3.748	
4.054	4.000	3.767	3.089	3.748	
4.068	4.000	3.767	3.089	3.748	
3.922	4.000	3.767	3.089	3.748	
3.849	4.000	3.767	3.089	3.748	
3.813	4.000	3.767	3.089	3.748	
4.100	4.000	3.767	3.089	3.748	
4.091	4.000	3.767	3.089	3.748	
3.934	4.000	3.767	3.089	3.748	
3.855	4.000	3.767	3.089	3.748	
3.969	4.000	3.767	3.089	3.748	
4.025	4.000	3.767	3.089	3.748	
4.054	4.000	3.767	3.089	3.748	
4.068	4.000	3.767	3.089	3.748	
4.075	4.000	3.767	3.089	3.748	
3.926	4.000	3.767	3.089	3.748	
4.004	4.000	3.767	3.089	3.748	
4.196	4.000	3.767	3.089	3.748	
4.139	4.000	3.767	3.089	3.748	
3.958	4.000	3.767	3.089	3.748	
3.867	4.000	3.767	3.089	3.748	
3.822	4.000	3.767	3.089	3.748	
3.952	4.000	3.767	3.089	3.748	
4.017	4.000	3.767	3.089	3.748	
4.203	4.000	3.767	3.089	3.748	
4.142	4.000	3.767	3.089	3.748	
3.959	4.000	3.767	3.089	3.748	
3.868	4.000	3.767	3.089	3.748	
3.975	4.000	3.767	3.089	3.748	
4.182	4.000	3.767	3.089	3.748	
4.132	4.000	3.767	3.089	3.748	
3.954	4.000	3.767	3.089	3.748	
3.865	4.000	3.767	3.089	3.748	
3.974	4.000	3.767	3.089	3.748	
4.028	4.000	3.767	3.089	3.748	
3.902	4.000	3.767	3.089	3.748	
3.839	4.000	3.767	3.089	3.748	
3.961	4.000	3.767	3.089	3.748	
4.174	4.000	3.767	3.089	3.748	
4.128	4.000	3.767	3.089	3.748	
3.952	4.000	3.767	3.089	3.748	
3.864	4.000	3.767	3.089	3.748	
3.973	4.000	3.767	3.089	3.748	
4.028	4.000	3.767	3.089	3.748	
4.055	4.000	3.767	3.089	3.748	
3.916	4.000	3.767	3.089	3.748	
3.846	4.000	3.767	3.089	3.748	
3.964	4.000	3.767	3.089	3.748	
4.023	4.000	3.767	3.089	3.748	
4.053	4.000	3.767	3.089	3.748	
4.067	4.000	3.767	3.089	3.748	
3.922	4.000	3.767	3.089	3.748	
3.849	4.000	3.767	3.089	3.748	
3.966	4.000	3.767	3.089	3.748	
4.024	4.000	3.767	3.089	3.748	
3.900	4.000	3.767	3.089	3.748	
3.838	4.000	3.767	3.089	3.748	
4.266	4.000	3.767	3.089	3.748	
4.174	4.000	3.767	3.089	3.748	
3.975	4.000	3.767	3.089	3.748	
3.876	4.000	3.767	3.089	3.748	
3.979	4.000	3.767	3.089	3.748	
4.184	4.000	3.767	3.089	3.748	
3.980	4.000	3.767	3.089	3.748	
3.878	4.000	3.767	3.089	3.748	
3.980	4.000	3.767	3.089	3.748	
4.031	4.000	3.767	3.089	3.748	
4.210	4.000	3.767	3.089	3.748	
3.993	4.000	3.767	3.089	3.748	
3.885	4.000	3.767	3.089	3.748	
3.830	4.000	3.767	3.089	3.748	
3.956	4.000	3.767	3.089	3.748	
4.172	4.000	3.767	3.089	3.748	
4.127	4.000	3.767	3.089	3.748	
3.952	4.000	3.767	3.089	3.748	
3.864	4.000	3.767	3.089	3.748	
3.820	4.000	3.767	3.089	3.748	
3.951	4.000	3.767	3.089	3.748	
4.017	4.000	3.767	3.089	3.748	
3.896	4.000	3.767	3.089	3.748	
3.836	4.000	3.767	3.089	3.748	
3.959	4.000	3.767	3.089	3.748	
3.868	4.000	3.767	3.089	3.748	
3.822	4.000	3.767	3.089	3.748	
3.799	4.000	3.767	3.089	3.748	
3.941	4.000	3.767	3.089	3.748	
4.011	4.000	3.767	3.089	3.748	
3.894	4.000	3.767	3.089	3.748	
3.835	4.000	3.767	3.089	3.748	
4.112	4.000	3.767	3.089	3.748	
4.097	4.000	3.767	3.089	3.748	
3.937	4.000	3.767	3.089	3.748	
3.856	4.000	3.767	3.089	3.748	
3.969	4.000	3.767	3.089	3.748	
4.026	4.000	3.767	3.089	3.748	
3.901	4.000	3.767	3.089	3.748	
3.839	4.000	3.767	3.089	3.748	
3.960	4.000	3.767	3.089	3.748	
4.174	4.000	3.767	3.089	3.748	
4.128	4.000	3.767	3.089	3.748	
3.952	4.000	3.767	3.089	3.748	
3.864	4.000	3.767	3.089	3.748	
3.820	4.000	3.767	3.089	3.748	
3.951	4.000	3.767	3.089	3.748	
4.017	4.000	3.767	3.089	3.748	
4.049	4.000	3.767	3.089	3.748	
3.913	4.000	3.767	3.089	3.748	
3.998	4.000	3.767	3.089	3.748	
4.193	4.000	3.767	3.089	3.748	
3.985	4.000	3.767	3.089	3.748	
3.880	4.000	3.767	3.089	3.748	
3.828	4.000	3.767	3.089	3.748	
3.955	4.000	3.767	3.089	3.748	
4.019	4.000	3.767	3.089	3.748	
3.897	4.000	3.767	3.089	3.748	
3.837	4.000	3.767	3.089	3.748	
3.806	4.000	3.767	3.089	3.748	
3.944	4.000	3.767	3.089	3.748	
4.166	4.000	3.767	3.089	3.748	
3.971	4.000	3.767	3.089	3.748	
3.874	4.000	3.767	3.089	3.748	
3.825	4.000	3.767	3.089	3.748	
3.801	4.000	3.767	3.089	3.748	
3.941	4.000	3.767	3.089	3.748	
3.859	4.000	3.767	3.089	3.748	
3.817	4.000	3.767	3.089	3.748	
3.950	4.000	3.767	3.089	3.748	
4.169	4.000	3.767	3.089	3.748	
4.126	4.000	3.767	3.089	3.748	
3.951	4.000	3.767	3.089	3.748	
4.017	4.000	3.767	3.089	3.748	
4.049	4.000	3.767	3.089	3.748	
4.066	4.000	3.767	3.089	3.748	
4.074	4.000	3.767	3.089	3.748	
3.925	4.000	3.767	3.089	3.748	
3.851	4.000	3.767	3.089	3.748	
3.813	4.000	3.767	3.089	3.748	
3.948	4.000	3.767	3.089	3.748	
4.015	4.000	3.767	3.089	3.748	
3.896	4.000	3.767	3.089	3.748	
3.836	4.000	3.767	3.089	3.748	
3.806	4.000	3.767	3.089	3.748	
3.944	4.000	3.767	3.089	3.748	
3.860	4.000	3.767	3.089	3.748	
3.818	4.000	3.767	3.089	3.748	
3.797	4.000	3.767	3.089	3.748	
4.093	4.000	3.767	3.089	3.748	
4.087	4.000	3.767	3.089	3.748	
3.932	4.000	3.767	3.089	3.748	
3.854	4.000	3.767	3.089	3.748	
3.968	4.000	3.767	3.089	3.748	
4.025	4.000	3.767	3.089	3.748	
3.901	4.000	3.767	3.089	3.748	
3.991	4.000	3.767	3.089	3.748	
4.037	4.000	3.767	3.089	3.748	
4.060	4.000	3.767	3.089	3.748	
4.071	4.000	3.767	3.089	3.748	
3.924	4.000	3.767	3.089	3.748	
3.850	4.000	3.767	3.089	3.748	
3.966	4.000	3.767	3.089	3.748	
4.024	4.000	3.767	3.089	3.748	
3.900	4.000	3.767	3.089	3.748	
3.838	4.000	3.767	3.089	3.748	
3.807	4.000	3.767	3.089	3.748	
3.945	4.000	3.767	3.089	3.748	
3.860	4.000	3.767	3.089	3.748	
3.818	4.000	3.767	3.089	3.748	
3.950	4.000	3.767	3.089	3.748	
4.016	4.000	3.767	3.089	3.748	
4.049	4.000	3.767	3.089	3.748	
3.913	4.000	3.767	3.089	3.748	
3.844	4.000	3.767	3.089	3.748	
3.963	4.000	3.767	3.089	3.748	
4.023	4.000	3.767	3.089	3.748	
4.053	4.000	3.767	3.089	3.748	
3.914	4.000	3.767	3.089	3.748	
3.845	4.000	3.767	3.089	3.748	
3.964	4.000	3.767	3.089	3.748	
4.176	4.000	3.767	3.089	3.748	
3.976	4.000	3.767	3.089	3.748	
3.876	4.000	3.767	3.089	3.748	
3.826	4.000	3.767	3.089	3.748	
3.801	4.000	3.767	3.089	3.748	
3.942	4.000	3.767	3.089	3.748	
3.859	4.000	3.767	3.089	3.748	
3.818	4.000	3.767	3.089	3.748	
3.950	4.000	3.767	3.089	3.748	
4.016	4.000	3.767	3.089	3.748	
3.896	4.000	3.767	3.089	3.748	
3.836	4.000	3.767	3.089	3.748	
3.806	4.000	3.767	3.089	3.748	
3.944	4.000	3.767	3.089	3.748	
4.013	4.000	3.767	3.089	3.748	
4.048	4.000	3.767	3.089	3.748	
3.912	4.000	3.767	3.089	3.748	
3.844	4.000	3.767	3.089	3.748	
3.963	4.000	3.767	3.089	3.748	
4.176	4.000	3.767	3.089	3.748	
4.129	4.000	3.767	3.089	3.748	
3.953	4.000	3.767	3.089	3.748	
3.864	4.000	3.767	3.089	3.748	
3.973	4.000	3.767	3.089	3.748	
4.028	4.000	3.767	3.089	3.748	
4.055	4.000	3.767	3.089	3.748	
3.916	4.000	3.767	3.089	3.748	
3.846	4.000	3.767	3.089	3.748	
3.811	4.000	3.767	3.089	3.748	
4.253	4.000	3.767	3.089	3.748	
4.167	4.000	3.767	3.089	3.748	
3.972	4.000	3.767	3.089	3.748	
4.027	4.000	3.767	3.089	3.748	
4.055	4.000	3.767	3.089	3.748	
4.068	4.000	3.767	3.089	3.748	
3.922	4.000	3.767	3.089	3.748	
4.002	4.000	3.767	3.089	3.748	
4.195	4.000	3.767	3.089	3.748	
3.986	4.000	3.767	3.089	3.748	
3.881	4.000	3.767	3.089	3.748	
3.829	4.000	3.767	3.089	3.748	
3.955	4.000	3.767	3.089	3.748	
4.172	4.000	3.767	3.089	3.748	
3.974	4.000	3.767	3.089	3.748	
3.875	4.000	3.767	3.089	3.748	
3.979	4.000	3.767	3.089	3.748	
4.183	4.000	3.767	3.089	3.748	
3.980	4.000	3.767	3.089	3.748	
3.878	4.000	3.767	3.089	3.748	
3.980	4.000	3.767	3.089	3.748	
4.184	4.000	3.767	3.089	3.748	
4.439	4.000	3.767	3.089	3.748	
4.108	4.000	3.767	3.089	3.748	
3.942	4.000	3.767	3.089	3.748	
4.012	4.000	3.767	3.089	3.748	
4.047	4.000	3.767	3.089	3.748	
4.065	4.000	3.767	3.089	3.748	
4.073	4.000	3.767	3.089	3.748	
4.078	4.000	3.767	3.089	3.748	
4.080	4.000	3.767	3.089	3.748	
3.928	4.000	3.767	3.089	3.748	
4.005	4.000	3.767	3.089	3.748	
4.197	4.000	3.767	3.089	3.748	
4.598	4.000	3.767	3.089	3.748	
4.187	4.000	3.767	3.089	3.748	
4.288	4.000	3.767	3.089	3.748	
4.185	4.000	3.767	3.089	3.748	
3.981	4.000	3.767	3.089	3.748	
3.878	4.000	3.767	3.089	3.748	
3.980	4.000	3.767	3.089	3.748	
4.031	4.000	3.767	3.089	3.748	
4.210	4.000	3.767	3.089	3.748	
4.146	4.000	3.767	3.089	3.748	
3.961	4.000	3.767	3.089	3.748	
3.869	4.000	3.767	3.089	3.748	
3.975	4.000	3.767	3.089	3.748	
4.182	4.000	3.767	3.089	3.748	
4.285	4.000	3.767	3.089	3.748	
4.031	4.000	3.767	3.089	3.748	
3.903	4.000	3.767	3.089	3.748	
3.840	4.000	3.767	3.089	3.748	
3.961	4.000	3.767	3.089	3.748	
4.175	4.000	3.767	3.089	3.748	
3.975	4.000	3.767	3.089	3.748	
3.876	4.000	3.767	3.089	3.748	
3.826	4.000	3.767	3.089	3.748	
3.954	4.000	3.767	3.089	3.748	
3.865	4.000	3.767	3.089	3.748	
3.821	4.000	3.767	3.089	3.748	
3.951	4.000	3.767	3.089	3.748	
4.017	4.000	3.767	3.089	3.748	
4.050	4.000	3.767	3.089	3.748	
3.913	4.000	3.767	3.089	3.748	
3.844	4.000	3.767	3.089	3.748	
3.963	4.000	3.767	3.089	3.748	
4.023	4.000	3.767	3.089	3.748	
3.899	4.000	3.767	3.089	3.748	
3.838	4.000	3.767	3.089	3.748	
4.266	4.000	3.767	3.089	3.748	
4.021	4.000	3.767	3.089	3.748	
4.052	4.000	3.767	3.089	3.748	
4.067	4.000	3.767	3.089	3.748	
3.922	4.000	3.767	3.089	3.748	
3.849	4.000	3.767	3.089	3.748	
3.966	4.000	3.767	3.089	3.748	
4.024	4.000	3.767	3.089	3.748	
4.053	4.000	3.767	3.089	3.748	
4.068	4.000	3.767	3.089	3.748	
3.922	4.000	3.767	3.089	3.748	
3.849	4.000	3.767	3.089	3.748	
3.966	4.000	3.767	3.089	3.748	
4.177	4.000	3.767	3.089	3.748	
3.977	4.000	3.767	3.089	3.748	
3.876	4.000	3.767	3.089	3.748	
3.979	4.000	3.767	3.089	3.748	
4.031	4.000	3.767	3.089	3.748	
3.903	4.000	3.767	3.089	3.748	
3.840	4.000	3.767	3.089	3.748	
3.961	4.000	3.767	3.089	3.748	
4.022	4.000	3.767	3.089	3.748	
3.899	4.000	3.767	3.089	3.748	
3.838	4.000	3.767	3.089	3.748	
3.807	4.000	3.767	3.089	3.748	
3.945	4.000	3.767	3.089	3.748	
3.860	4.000	3.767	3.089	3.748	
3.818	4.000	3.767	3.089	3.748	
3.797	4.000	3.767	3.089	3.748	
3.940	4.000	3.767	3.089	3.748	
3.858	4.000	3.767	3.089	3.748	
3.817	4.000	3.767	3.089	3.748	
3.950	4.000	3.767	3.089	3.748	
4.016	4.000	3.767	3.089	3.748	
3.896	4.000	3.767	3.089	3.748	
3.989	4.000	3.767	3.089	3.748	
4.036	4.000	3.767	3.089	3.748	
4.059	4.000	3.767	3.089	3.748	
3.918	4.000	3.767	3.089	3.748	
3.847	4.000	3.767	3.089	3.748	
3.965	4.000	3.767	3.089	3.748	
4.023	4.000	3.767	3.089	3.748	
4.053	4.000	3.767	3.089	3.748	
3.914	4.000	3.767	3.089	3.748	
3.845	4.000	3.767	3.089	3.748	
3.964	4.000	3.767	3.089	3.748	
4.176	4.000	3.767	3.089	3.748	
4.129	4.000	3.767	3.089	3.748	
3.953	4.000	3.767	3.089	3.748	
3.864	4.000	3.767	3.089	3.748	
3.820	4.000	3.767	3.089	3.748	
3.951	4.000	3.767	3.089	3.748	
4.017	4.000	3.767	3.089	3.748	
4.049	4.000	3.767	3.089	3.748	
3.913	4.000	3.767	3.089	3.748	
3.844	4.000	3.767	3.089	3.748	
4.116	4.000	3.767	3.089	3.748	
4.099	4.000	3.767	3.089	3.748	
4.091	4.000	3.767	3.089	3.748	
